(kicad_pcb (version 20171130) (host pcbnew "(5.0.2)-1")

  (general
    (thickness 1.6)
    (drawings 59)
    (tracks 1362)
    (zones 0)
    (modules 60)
    (nets 30)
  )

  (page A4)
  (layers
    (0 F.Cu signal)
    (31 B.Cu signal)
    (32 B.Adhes user hide)
    (33 F.Adhes user hide)
    (34 B.Paste user hide)
    (35 F.Paste user hide)
    (36 B.SilkS user)
    (37 F.SilkS user)
    (38 B.Mask user hide)
    (39 F.Mask user hide)
    (40 Dwgs.User user)
    (41 Cmts.User user hide)
    (42 Eco1.User user)
    (43 Eco2.User user)
    (44 Edge.Cuts user)
    (45 Margin user)
    (46 B.CrtYd user hide)
    (47 F.CrtYd user hide)
    (48 B.Fab user)
    (49 F.Fab user)
  )

  (setup
    (last_trace_width 0.25)
    (user_trace_width 0.3)
    (user_trace_width 0.5)
    (user_trace_width 0.7)
    (user_trace_width 1)
    (trace_clearance 0.2)
    (zone_clearance 0.508)
    (zone_45_only no)
    (trace_min 0.2)
    (segment_width 0.2)
    (edge_width 0.15)
    (via_size 0.8)
    (via_drill 0.4)
    (via_min_size 0.4)
    (via_min_drill 0.3)
    (uvia_size 0.3)
    (uvia_drill 0.1)
    (uvias_allowed no)
    (uvia_min_size 0.2)
    (uvia_min_drill 0.1)
    (pcb_text_width 0.3)
    (pcb_text_size 1.5 1.5)
    (mod_edge_width 0.15)
    (mod_text_size 1 1)
    (mod_text_width 0.15)
    (pad_size 1.524 1.524)
    (pad_drill 0.762)
    (pad_to_mask_clearance 0.051)
    (solder_mask_min_width 0.25)
    (aux_axis_origin 0 0)
    (grid_origin 50 50)
    (visible_elements 7FFFFFFF)
    (pcbplotparams
      (layerselection 0x010f0_ffffffff)
      (usegerberextensions false)
      (usegerberattributes false)
      (usegerberadvancedattributes false)
      (creategerberjobfile false)
      (excludeedgelayer true)
      (linewidth 0.100000)
      (plotframeref false)
      (viasonmask false)
      (mode 1)
      (useauxorigin false)
      (hpglpennumber 1)
      (hpglpenspeed 20)
      (hpglpendiameter 15.000000)
      (psnegative false)
      (psa4output false)
      (plotreference true)
      (plotvalue true)
      (plotinvisibletext false)
      (padsonsilk false)
      (subtractmaskfromsilk false)
      (outputformat 1)
      (mirror false)
      (drillshape 0)
      (scaleselection 1)
      (outputdirectory "rev2/"))
  )

  (net 0 "")
  (net 1 "Net-(C1-Pad1)")
  (net 2 GND)
  (net 3 +5V)
  (net 4 /ROW0)
  (net 5 /ROW1)
  (net 6 /ROW2)
  (net 7 /ROW3)
  (net 8 /ROW4)
  (net 9 "Net-(R7-Pad1)")
  (net 10 "Net-(R10-Pad2)")
  (net 11 /COL0)
  (net 12 /COL1)
  (net 13 /COL2)
  (net 14 /COL3)
  (net 15 /COL4)
  (net 16 /COL5)
  (net 17 /READ)
  (net 18 /COL_EN)
  (net 19 /COL_C)
  (net 20 /COL_B)
  (net 21 /COL_A)
  (net 22 /DRAIN)
  (net 23 /MUX_EN)
  (net 24 /MUX_C)
  (net 25 /MUX_B)
  (net 26 /MUX_A)
  (net 27 "Net-(U4-Pad9)")
  (net 28 "Net-(U4-Pad7)")
  (net 29 "Net-(U2-Pad7)")

  (net_class Default "これはデフォルトのネット クラスです。"
    (clearance 0.2)
    (trace_width 0.25)
    (via_dia 0.8)
    (via_drill 0.4)
    (uvia_dia 0.3)
    (uvia_drill 0.1)
    (add_net +5V)
    (add_net /COL0)
    (add_net /COL1)
    (add_net /COL2)
    (add_net /COL3)
    (add_net /COL4)
    (add_net /COL5)
    (add_net /COL_A)
    (add_net /COL_B)
    (add_net /COL_C)
    (add_net /COL_EN)
    (add_net /DRAIN)
    (add_net /MUX_A)
    (add_net /MUX_B)
    (add_net /MUX_C)
    (add_net /MUX_EN)
    (add_net /READ)
    (add_net /ROW0)
    (add_net /ROW1)
    (add_net /ROW2)
    (add_net /ROW3)
    (add_net /ROW4)
    (add_net GND)
    (add_net "Net-(C1-Pad1)")
    (add_net "Net-(R10-Pad2)")
    (add_net "Net-(R7-Pad1)")
    (add_net "Net-(U2-Pad7)")
    (add_net "Net-(U4-Pad7)")
    (add_net "Net-(U4-Pad9)")
  )

  (module Capacitor_SMD:CP_Elec_6.3x5.4_Nichicon (layer F.Cu) (tedit 5BCA39D0) (tstamp 5EAABC7F)
    (at 52.6 124.8)
    (descr "SMD capacitor, aluminum electrolytic, Nichicon, 6.3x5.4mm")
    (tags "capacitor electrolytic")
    (path /5EE7AC0B)
    (attr smd)
    (fp_text reference C19 (at 0 -4.35) (layer F.SilkS)
      (effects (font (size 1 1) (thickness 0.15)))
    )
    (fp_text value 47u (at 0 4.35) (layer F.Fab)
      (effects (font (size 1 1) (thickness 0.15)))
    )
    (fp_circle (center 0 0) (end 3.15 0) (layer F.Fab) (width 0.1))
    (fp_line (start 3.3 -3.3) (end 3.3 3.3) (layer F.Fab) (width 0.1))
    (fp_line (start -2.3 -3.3) (end 3.3 -3.3) (layer F.Fab) (width 0.1))
    (fp_line (start -2.3 3.3) (end 3.3 3.3) (layer F.Fab) (width 0.1))
    (fp_line (start -3.3 -2.3) (end -3.3 2.3) (layer F.Fab) (width 0.1))
    (fp_line (start -3.3 -2.3) (end -2.3 -3.3) (layer F.Fab) (width 0.1))
    (fp_line (start -3.3 2.3) (end -2.3 3.3) (layer F.Fab) (width 0.1))
    (fp_line (start -2.704838 -1.33) (end -2.074838 -1.33) (layer F.Fab) (width 0.1))
    (fp_line (start -2.389838 -1.645) (end -2.389838 -1.015) (layer F.Fab) (width 0.1))
    (fp_line (start 3.41 3.41) (end 3.41 1.06) (layer F.SilkS) (width 0.12))
    (fp_line (start 3.41 -3.41) (end 3.41 -1.06) (layer F.SilkS) (width 0.12))
    (fp_line (start -2.345563 -3.41) (end 3.41 -3.41) (layer F.SilkS) (width 0.12))
    (fp_line (start -2.345563 3.41) (end 3.41 3.41) (layer F.SilkS) (width 0.12))
    (fp_line (start -3.41 2.345563) (end -3.41 1.06) (layer F.SilkS) (width 0.12))
    (fp_line (start -3.41 -2.345563) (end -3.41 -1.06) (layer F.SilkS) (width 0.12))
    (fp_line (start -3.41 -2.345563) (end -2.345563 -3.41) (layer F.SilkS) (width 0.12))
    (fp_line (start -3.41 2.345563) (end -2.345563 3.41) (layer F.SilkS) (width 0.12))
    (fp_line (start -4.4375 -1.8475) (end -3.65 -1.8475) (layer F.SilkS) (width 0.12))
    (fp_line (start -4.04375 -2.24125) (end -4.04375 -1.45375) (layer F.SilkS) (width 0.12))
    (fp_line (start 3.55 -3.55) (end 3.55 -1.05) (layer F.CrtYd) (width 0.05))
    (fp_line (start 3.55 -1.05) (end 4.7 -1.05) (layer F.CrtYd) (width 0.05))
    (fp_line (start 4.7 -1.05) (end 4.7 1.05) (layer F.CrtYd) (width 0.05))
    (fp_line (start 4.7 1.05) (end 3.55 1.05) (layer F.CrtYd) (width 0.05))
    (fp_line (start 3.55 1.05) (end 3.55 3.55) (layer F.CrtYd) (width 0.05))
    (fp_line (start -2.4 3.55) (end 3.55 3.55) (layer F.CrtYd) (width 0.05))
    (fp_line (start -2.4 -3.55) (end 3.55 -3.55) (layer F.CrtYd) (width 0.05))
    (fp_line (start -3.55 2.4) (end -2.4 3.55) (layer F.CrtYd) (width 0.05))
    (fp_line (start -3.55 -2.4) (end -2.4 -3.55) (layer F.CrtYd) (width 0.05))
    (fp_line (start -3.55 -2.4) (end -3.55 -1.05) (layer F.CrtYd) (width 0.05))
    (fp_line (start -3.55 1.05) (end -3.55 2.4) (layer F.CrtYd) (width 0.05))
    (fp_line (start -3.55 -1.05) (end -4.7 -1.05) (layer F.CrtYd) (width 0.05))
    (fp_line (start -4.7 -1.05) (end -4.7 1.05) (layer F.CrtYd) (width 0.05))
    (fp_line (start -4.7 1.05) (end -3.55 1.05) (layer F.CrtYd) (width 0.05))
    (fp_text user %R (at 0 0) (layer F.Fab)
      (effects (font (size 1 1) (thickness 0.15)))
    )
    (pad 1 smd roundrect (at -2.7 0) (size 3.5 1.6) (layers F.Cu F.Paste F.Mask) (roundrect_rratio 0.15625)
      (net 3 +5V))
    (pad 2 smd roundrect (at 2.7 0) (size 3.5 1.6) (layers F.Cu F.Paste F.Mask) (roundrect_rratio 0.15625)
      (net 2 GND))
    (model ${KISYS3DMOD}/Capacitor_SMD.3dshapes/CP_Elec_6.3x5.4_Nichicon.wrl
      (at (xyz 0 0 0))
      (scale (xyz 1 1 1))
      (rotate (xyz 0 0 0))
    )
  )

  (module Package_SO:SOP-16_4.4x10.4mm_P1.27mm (layer B.Cu) (tedit 5E833F5A) (tstamp 5E8C9C56)
    (at 49.014677 125.30965 90)
    (descr "16-Lead Plastic Small Outline http://www.vishay.com/docs/49633/sg2098.pdf")
    (tags "SOP 1.27")
    (path /5E8C3257)
    (attr smd)
    (fp_text reference U1 (at 0 6.2 90) (layer B.SilkS)
      (effects (font (size 1 1) (thickness 0.15)) (justify mirror))
    )
    (fp_text value 74HC4051 (at 0 -6.1 90) (layer B.Fab)
      (effects (font (size 1 1) (thickness 0.15)) (justify mirror))
    )
    (fp_text user %R (at 0 -0.2 90) (layer B.Fab)
      (effects (font (size 0.8 0.8) (thickness 0.15)) (justify mirror))
    )
    (fp_line (start -2.2 4.6) (end -1.6 5.2) (layer B.Fab) (width 0.1))
    (fp_line (start -2.4 5.4) (end -2.4 5) (layer B.SilkS) (width 0.12))
    (fp_line (start -2.4 5) (end -3.8 5) (layer B.SilkS) (width 0.12))
    (fp_line (start -1.6 5.2) (end 2.2 5.2) (layer B.Fab) (width 0.1))
    (fp_line (start 2.2 5.2) (end 2.2 -5.2) (layer B.Fab) (width 0.1))
    (fp_line (start 2.2 -5.2) (end -2.2 -5.2) (layer B.Fab) (width 0.1))
    (fp_line (start -2.2 -5.2) (end -2.2 4.6) (layer B.Fab) (width 0.1))
    (fp_line (start -2.4 5.4) (end 2.4 5.4) (layer B.SilkS) (width 0.12))
    (fp_line (start -2.4 -5.4) (end 2.4 -5.4) (layer B.SilkS) (width 0.12))
    (fp_line (start -4.05 5.45) (end 4.05 5.45) (layer B.CrtYd) (width 0.05))
    (fp_line (start -4.05 5.45) (end -4.05 -5.45) (layer B.CrtYd) (width 0.05))
    (fp_line (start 4.05 -5.45) (end 4.05 5.45) (layer B.CrtYd) (width 0.05))
    (fp_line (start 4.05 -5.45) (end -4.05 -5.45) (layer B.CrtYd) (width 0.05))
    (pad 1 smd rect (at -3.15 4.45 90) (size 1.3 0.8) (layers B.Cu B.Paste B.Mask)
      (net 8 /ROW4))
    (pad 2 smd rect (at -3.15 3.17 90) (size 1.3 0.8) (layers B.Cu B.Paste B.Mask)
      (net 2 GND))
    (pad 3 smd rect (at -3.15 1.91 90) (size 1.3 0.8) (layers B.Cu B.Paste B.Mask)
      (net 1 "Net-(C1-Pad1)"))
    (pad 4 smd rect (at -3.15 0.64 90) (size 1.3 0.8) (layers B.Cu B.Paste B.Mask)
      (net 2 GND))
    (pad 5 smd rect (at -3.15 -0.64 90) (size 1.3 0.8) (layers B.Cu B.Paste B.Mask)
      (net 2 GND))
    (pad 6 smd rect (at -3.15 -1.91 90) (size 1.3 0.8) (layers B.Cu B.Paste B.Mask)
      (net 23 /MUX_EN))
    (pad 7 smd rect (at -3.15 -3.17 90) (size 1.3 0.8) (layers B.Cu B.Paste B.Mask)
      (net 2 GND))
    (pad 8 smd rect (at -3.15 -4.45 90) (size 1.3 0.8) (layers B.Cu B.Paste B.Mask)
      (net 2 GND))
    (pad 9 smd rect (at 3.15 -4.45 90) (size 1.3 0.8) (layers B.Cu B.Paste B.Mask)
      (net 24 /MUX_C))
    (pad 10 smd rect (at 3.15 -3.17 90) (size 1.3 0.8) (layers B.Cu B.Paste B.Mask)
      (net 25 /MUX_B))
    (pad 11 smd rect (at 3.15 -1.91 90) (size 1.3 0.8) (layers B.Cu B.Paste B.Mask)
      (net 26 /MUX_A))
    (pad 12 smd rect (at 3.15 -0.64 90) (size 1.3 0.8) (layers B.Cu B.Paste B.Mask)
      (net 7 /ROW3))
    (pad 13 smd rect (at 3.15 0.64 90) (size 1.3 0.8) (layers B.Cu B.Paste B.Mask)
      (net 4 /ROW0))
    (pad 14 smd rect (at 3.15 1.91 90) (size 1.3 0.8) (layers B.Cu B.Paste B.Mask)
      (net 5 /ROW1))
    (pad 15 smd rect (at 3.15 3.17 90) (size 1.3 0.8) (layers B.Cu B.Paste B.Mask)
      (net 6 /ROW2))
    (pad 16 smd rect (at 3.15 4.45 90) (size 1.3 0.8) (layers B.Cu B.Paste B.Mask)
      (net 3 +5V))
    (model ${KISYS3DMOD}/Package_SO.3dshapes/SOP-16_4.4x10.4mm_P1.27mm.wrl
      (at (xyz 0 0 0))
      (scale (xyz 1 1 1))
      (rotate (xyz 0 0 0))
    )
  )

  (module Package_SO:SO-8_5.3x6.2mm_P1.27mm (layer B.Cu) (tedit 5A02F2D3) (tstamp 5E8C9C93)
    (at 59.734514 125.392137 90)
    (descr "8-Lead Plastic Small Outline, 5.3x6.2mm Body (http://www.ti.com.cn/cn/lit/ds/symlink/tl7705a.pdf)")
    (tags "SOIC 1.27")
    (path /5E7249CA)
    (attr smd)
    (fp_text reference U2 (at 0 4.13 90) (layer B.SilkS)
      (effects (font (size 1 1) (thickness 0.15)) (justify mirror))
    )
    (fp_text value NJM2742 (at 0 -4.13 90) (layer B.Fab)
      (effects (font (size 1 1) (thickness 0.15)) (justify mirror))
    )
    (fp_text user %R (at 0 0 90) (layer B.Fab)
      (effects (font (size 1 1) (thickness 0.15)) (justify mirror))
    )
    (fp_line (start -1.65 3.1) (end 2.65 3.1) (layer B.Fab) (width 0.15))
    (fp_line (start 2.65 3.1) (end 2.65 -3.1) (layer B.Fab) (width 0.15))
    (fp_line (start 2.65 -3.1) (end -2.65 -3.1) (layer B.Fab) (width 0.15))
    (fp_line (start -2.65 -3.1) (end -2.65 2.1) (layer B.Fab) (width 0.15))
    (fp_line (start -2.65 2.1) (end -1.65 3.1) (layer B.Fab) (width 0.15))
    (fp_line (start -4.83 3.35) (end -4.83 -3.35) (layer B.CrtYd) (width 0.05))
    (fp_line (start 4.83 3.35) (end 4.83 -3.35) (layer B.CrtYd) (width 0.05))
    (fp_line (start -4.83 3.35) (end 4.83 3.35) (layer B.CrtYd) (width 0.05))
    (fp_line (start -4.83 -3.35) (end 4.83 -3.35) (layer B.CrtYd) (width 0.05))
    (fp_line (start -2.75 3.205) (end -2.75 2.55) (layer B.SilkS) (width 0.15))
    (fp_line (start 2.75 3.205) (end 2.75 2.455) (layer B.SilkS) (width 0.15))
    (fp_line (start 2.75 -3.205) (end 2.75 -2.455) (layer B.SilkS) (width 0.15))
    (fp_line (start -2.75 -3.205) (end -2.75 -2.455) (layer B.SilkS) (width 0.15))
    (fp_line (start -2.75 3.205) (end 2.75 3.205) (layer B.SilkS) (width 0.15))
    (fp_line (start -2.75 -3.205) (end 2.75 -3.205) (layer B.SilkS) (width 0.15))
    (fp_line (start -2.75 2.55) (end -4.5 2.55) (layer B.SilkS) (width 0.15))
    (pad 1 smd rect (at -3.7 1.905 90) (size 1.75 0.55) (layers B.Cu B.Paste B.Mask)
      (net 17 /READ))
    (pad 2 smd rect (at -3.7 0.635 90) (size 1.75 0.55) (layers B.Cu B.Paste B.Mask)
      (net 9 "Net-(R7-Pad1)"))
    (pad 3 smd rect (at -3.7 -0.635 90) (size 1.75 0.55) (layers B.Cu B.Paste B.Mask)
      (net 10 "Net-(R10-Pad2)"))
    (pad 4 smd rect (at -3.7 -1.905 90) (size 1.75 0.55) (layers B.Cu B.Paste B.Mask)
      (net 2 GND))
    (pad 5 smd rect (at 3.7 -1.905 90) (size 1.75 0.55) (layers B.Cu B.Paste B.Mask)
      (net 2 GND))
    (pad 6 smd rect (at 3.7 -0.635 90) (size 1.75 0.55) (layers B.Cu B.Paste B.Mask)
      (net 2 GND))
    (pad 7 smd rect (at 3.7 0.635 90) (size 1.75 0.55) (layers B.Cu B.Paste B.Mask)
      (net 29 "Net-(U2-Pad7)"))
    (pad 8 smd rect (at 3.7 1.905 90) (size 1.75 0.55) (layers B.Cu B.Paste B.Mask)
      (net 3 +5V))
    (model ${KISYS3DMOD}/Package_SO.3dshapes/SO-8_5.3x6.2mm_P1.27mm.wrl
      (at (xyz 0 0 0))
      (scale (xyz 1 1 1))
      (rotate (xyz 0 0 0))
    )
  )

  (module MyLib:ZH_6P_Horizontal (layer B.Cu) (tedit 5E83835A) (tstamp 5E9D7D3C)
    (at 112.2 117.9)
    (path /5E962C96)
    (fp_text reference J4 (at 4.5 -2.5) (layer B.SilkS)
      (effects (font (size 1 1) (thickness 0.15)) (justify mirror))
    )
    (fp_text value Conn_01x06_Male (at 4 -3.5) (layer B.Fab)
      (effects (font (size 1 1) (thickness 0.15)) (justify mirror))
    )
    (fp_line (start 9 1.4) (end 9 0) (layer B.SilkS) (width 0.2))
    (fp_line (start -1.5 1.4) (end 9 1.4) (layer B.SilkS) (width 0.2))
    (fp_line (start -1.5 0) (end -1.5 1.4) (layer B.SilkS) (width 0.2))
    (fp_line (start 9 -4.6) (end 9 0) (layer B.SilkS) (width 0.2))
    (fp_line (start -1.5 -4.6) (end 9 -4.6) (layer B.SilkS) (width 0.2))
    (fp_line (start -1.5 0) (end -1.5 -4.6) (layer B.SilkS) (width 0.2))
    (fp_line (start 9 0) (end -1.5 0) (layer B.SilkS) (width 0.2))
    (pad 6 thru_hole oval (at 7.5 0) (size 1.2 1.8) (drill 0.7) (layers *.Cu *.Mask)
      (net 3 +5V))
    (pad 5 thru_hole oval (at 6 0) (size 1.2 1.8) (drill 0.7) (layers *.Cu *.Mask)
      (net 26 /MUX_A))
    (pad 4 thru_hole oval (at 4.5 0) (size 1.2 1.8) (drill 0.7) (layers *.Cu *.Mask)
      (net 25 /MUX_B))
    (pad 3 thru_hole oval (at 3 0) (size 1.2 1.8) (drill 0.7) (layers *.Cu *.Mask)
      (net 24 /MUX_C))
    (pad 2 thru_hole oval (at 1.5 0) (size 1.2 1.8) (drill 0.7) (layers *.Cu *.Mask)
      (net 23 /MUX_EN))
    (pad 1 thru_hole rect (at 0 0) (size 1.2 1.8) (drill 0.7) (layers *.Cu *.Mask)
      (net 22 /DRAIN))
  )

  (module MyLib:ZH_6P_Horizontal (layer B.Cu) (tedit 5E83835A) (tstamp 5E9D7D4D)
    (at 123.1 117.8)
    (path /5E962C9D)
    (fp_text reference J5 (at 4.5 -2.5) (layer B.SilkS)
      (effects (font (size 1 1) (thickness 0.15)) (justify mirror))
    )
    (fp_text value Conn_01x06_Male (at 4 -3.5) (layer B.Fab)
      (effects (font (size 1 1) (thickness 0.15)) (justify mirror))
    )
    (fp_line (start 9 0) (end -1.5 0) (layer B.SilkS) (width 0.2))
    (fp_line (start -1.5 0) (end -1.5 -4.6) (layer B.SilkS) (width 0.2))
    (fp_line (start -1.5 -4.6) (end 9 -4.6) (layer B.SilkS) (width 0.2))
    (fp_line (start 9 -4.6) (end 9 0) (layer B.SilkS) (width 0.2))
    (fp_line (start -1.5 0) (end -1.5 1.4) (layer B.SilkS) (width 0.2))
    (fp_line (start -1.5 1.4) (end 9 1.4) (layer B.SilkS) (width 0.2))
    (fp_line (start 9 1.4) (end 9 0) (layer B.SilkS) (width 0.2))
    (pad 1 thru_hole rect (at 0 0) (size 1.2 1.8) (drill 0.7) (layers *.Cu *.Mask)
      (net 2 GND))
    (pad 2 thru_hole oval (at 1.5 0) (size 1.2 1.8) (drill 0.7) (layers *.Cu *.Mask)
      (net 17 /READ))
    (pad 3 thru_hole oval (at 3 0) (size 1.2 1.8) (drill 0.7) (layers *.Cu *.Mask)
      (net 18 /COL_EN))
    (pad 4 thru_hole oval (at 4.5 0) (size 1.2 1.8) (drill 0.7) (layers *.Cu *.Mask)
      (net 19 /COL_C))
    (pad 5 thru_hole oval (at 6 0) (size 1.2 1.8) (drill 0.7) (layers *.Cu *.Mask)
      (net 20 /COL_B))
    (pad 6 thru_hole oval (at 7.5 0) (size 1.2 1.8) (drill 0.7) (layers *.Cu *.Mask)
      (net 21 /COL_A))
  )

  (module Package_DIP:DIP-16_W7.62mm_Socket_LongPads (layer B.Cu) (tedit 5A02E8C5) (tstamp 5E9D852C)
    (at 112.3 122 270)
    (descr "16-lead though-hole mounted DIP package, row spacing 7.62 mm (300 mils), Socket, LongPads")
    (tags "THT DIP DIL PDIP 2.54mm 7.62mm 300mil Socket LongPads")
    (path /5EAE1B9E)
    (fp_text reference U4 (at 3.81 2.33 270) (layer B.SilkS)
      (effects (font (size 1 1) (thickness 0.15)) (justify mirror))
    )
    (fp_text value 74LS138 (at 3.81 -20.11 270) (layer B.Fab)
      (effects (font (size 1 1) (thickness 0.15)) (justify mirror))
    )
    (fp_arc (start 3.81 1.33) (end 2.81 1.33) (angle 180) (layer B.SilkS) (width 0.12))
    (fp_line (start 1.635 1.27) (end 6.985 1.27) (layer B.Fab) (width 0.1))
    (fp_line (start 6.985 1.27) (end 6.985 -19.05) (layer B.Fab) (width 0.1))
    (fp_line (start 6.985 -19.05) (end 0.635 -19.05) (layer B.Fab) (width 0.1))
    (fp_line (start 0.635 -19.05) (end 0.635 0.27) (layer B.Fab) (width 0.1))
    (fp_line (start 0.635 0.27) (end 1.635 1.27) (layer B.Fab) (width 0.1))
    (fp_line (start -1.27 1.33) (end -1.27 -19.11) (layer B.Fab) (width 0.1))
    (fp_line (start -1.27 -19.11) (end 8.89 -19.11) (layer B.Fab) (width 0.1))
    (fp_line (start 8.89 -19.11) (end 8.89 1.33) (layer B.Fab) (width 0.1))
    (fp_line (start 8.89 1.33) (end -1.27 1.33) (layer B.Fab) (width 0.1))
    (fp_line (start 2.81 1.33) (end 1.56 1.33) (layer B.SilkS) (width 0.12))
    (fp_line (start 1.56 1.33) (end 1.56 -19.11) (layer B.SilkS) (width 0.12))
    (fp_line (start 1.56 -19.11) (end 6.06 -19.11) (layer B.SilkS) (width 0.12))
    (fp_line (start 6.06 -19.11) (end 6.06 1.33) (layer B.SilkS) (width 0.12))
    (fp_line (start 6.06 1.33) (end 4.81 1.33) (layer B.SilkS) (width 0.12))
    (fp_line (start -1.44 1.39) (end -1.44 -19.17) (layer B.SilkS) (width 0.12))
    (fp_line (start -1.44 -19.17) (end 9.06 -19.17) (layer B.SilkS) (width 0.12))
    (fp_line (start 9.06 -19.17) (end 9.06 1.39) (layer B.SilkS) (width 0.12))
    (fp_line (start 9.06 1.39) (end -1.44 1.39) (layer B.SilkS) (width 0.12))
    (fp_line (start -1.55 1.6) (end -1.55 -19.4) (layer B.CrtYd) (width 0.05))
    (fp_line (start -1.55 -19.4) (end 9.15 -19.4) (layer B.CrtYd) (width 0.05))
    (fp_line (start 9.15 -19.4) (end 9.15 1.6) (layer B.CrtYd) (width 0.05))
    (fp_line (start 9.15 1.6) (end -1.55 1.6) (layer B.CrtYd) (width 0.05))
    (fp_text user %R (at 3.81 -8.89 270) (layer B.Fab)
      (effects (font (size 1 1) (thickness 0.15)) (justify mirror))
    )
    (pad 1 thru_hole rect (at 0 0 270) (size 2.4 1.6) (drill 0.8) (layers *.Cu *.Mask)
      (net 21 /COL_A))
    (pad 9 thru_hole oval (at 7.62 -17.78 270) (size 2.4 1.6) (drill 0.8) (layers *.Cu *.Mask)
      (net 27 "Net-(U4-Pad9)"))
    (pad 2 thru_hole oval (at 0 -2.54 270) (size 2.4 1.6) (drill 0.8) (layers *.Cu *.Mask)
      (net 20 /COL_B))
    (pad 10 thru_hole oval (at 7.62 -15.24 270) (size 2.4 1.6) (drill 0.8) (layers *.Cu *.Mask)
      (net 16 /COL5))
    (pad 3 thru_hole oval (at 0 -5.08 270) (size 2.4 1.6) (drill 0.8) (layers *.Cu *.Mask)
      (net 19 /COL_C))
    (pad 11 thru_hole oval (at 7.62 -12.7 270) (size 2.4 1.6) (drill 0.8) (layers *.Cu *.Mask)
      (net 15 /COL4))
    (pad 4 thru_hole oval (at 0 -7.62 270) (size 2.4 1.6) (drill 0.8) (layers *.Cu *.Mask)
      (net 2 GND))
    (pad 12 thru_hole oval (at 7.62 -10.16 270) (size 2.4 1.6) (drill 0.8) (layers *.Cu *.Mask)
      (net 14 /COL3))
    (pad 5 thru_hole oval (at 0 -10.16 270) (size 2.4 1.6) (drill 0.8) (layers *.Cu *.Mask)
      (net 2 GND))
    (pad 13 thru_hole oval (at 7.62 -7.62 270) (size 2.4 1.6) (drill 0.8) (layers *.Cu *.Mask)
      (net 13 /COL2))
    (pad 6 thru_hole oval (at 0 -12.7 270) (size 2.4 1.6) (drill 0.8) (layers *.Cu *.Mask)
      (net 18 /COL_EN))
    (pad 14 thru_hole oval (at 7.62 -5.08 270) (size 2.4 1.6) (drill 0.8) (layers *.Cu *.Mask)
      (net 12 /COL1))
    (pad 7 thru_hole oval (at 0 -15.24 270) (size 2.4 1.6) (drill 0.8) (layers *.Cu *.Mask)
      (net 28 "Net-(U4-Pad7)"))
    (pad 15 thru_hole oval (at 7.62 -2.54 270) (size 2.4 1.6) (drill 0.8) (layers *.Cu *.Mask)
      (net 11 /COL0))
    (pad 8 thru_hole oval (at 0 -17.78 270) (size 2.4 1.6) (drill 0.8) (layers *.Cu *.Mask)
      (net 2 GND))
    (pad 16 thru_hole oval (at 7.62 0 270) (size 2.4 1.6) (drill 0.8) (layers *.Cu *.Mask)
      (net 3 +5V))
    (model ${KISYS3DMOD}/Package_DIP.3dshapes/DIP-16_W7.62mm_Socket.wrl
      (at (xyz 0 0 0))
      (scale (xyz 1 1 1))
      (rotate (xyz 0 0 0))
    )
  )

  (module Capacitor_SMD:C_0603_1608Metric_Pad1.05x0.95mm_HandSolder (layer B.Cu) (tedit 5B301BBE) (tstamp 5EAABB36)
    (at 55.6 123.8 90)
    (descr "Capacitor SMD 0603 (1608 Metric), square (rectangular) end terminal, IPC_7351 nominal with elongated pad for handsoldering. (Body size source: http://www.tortai-tech.com/upload/download/2011102023233369053.pdf), generated with kicad-footprint-generator")
    (tags "capacitor handsolder")
    (path /5EAC87B3)
    (attr smd)
    (fp_text reference C1 (at 0 1.43 90) (layer B.SilkS)
      (effects (font (size 1 1) (thickness 0.15)) (justify mirror))
    )
    (fp_text value 240p (at 0 -1.43 90) (layer B.Fab)
      (effects (font (size 1 1) (thickness 0.15)) (justify mirror))
    )
    (fp_line (start -0.8 -0.4) (end -0.8 0.4) (layer B.Fab) (width 0.1))
    (fp_line (start -0.8 0.4) (end 0.8 0.4) (layer B.Fab) (width 0.1))
    (fp_line (start 0.8 0.4) (end 0.8 -0.4) (layer B.Fab) (width 0.1))
    (fp_line (start 0.8 -0.4) (end -0.8 -0.4) (layer B.Fab) (width 0.1))
    (fp_line (start -0.171267 0.51) (end 0.171267 0.51) (layer B.SilkS) (width 0.12))
    (fp_line (start -0.171267 -0.51) (end 0.171267 -0.51) (layer B.SilkS) (width 0.12))
    (fp_line (start -1.65 -0.73) (end -1.65 0.73) (layer B.CrtYd) (width 0.05))
    (fp_line (start -1.65 0.73) (end 1.65 0.73) (layer B.CrtYd) (width 0.05))
    (fp_line (start 1.65 0.73) (end 1.65 -0.73) (layer B.CrtYd) (width 0.05))
    (fp_line (start 1.65 -0.73) (end -1.65 -0.73) (layer B.CrtYd) (width 0.05))
    (fp_text user %R (at 0 0 90) (layer B.Fab)
      (effects (font (size 0.4 0.4) (thickness 0.06)) (justify mirror))
    )
    (pad 1 smd roundrect (at -0.875 0 90) (size 1.05 0.95) (layers B.Cu B.Paste B.Mask) (roundrect_rratio 0.25)
      (net 1 "Net-(C1-Pad1)"))
    (pad 2 smd roundrect (at 0.875 0 90) (size 1.05 0.95) (layers B.Cu B.Paste B.Mask) (roundrect_rratio 0.25)
      (net 2 GND))
    (model ${KISYS3DMOD}/Capacitor_SMD.3dshapes/C_0603_1608Metric.wrl
      (at (xyz 0 0 0))
      (scale (xyz 1 1 1))
      (rotate (xyz 0 0 0))
    )
  )

  (module Capacitor_SMD:C_0603_1608Metric_Pad1.05x0.95mm_HandSolder (layer B.Cu) (tedit 5B301BBE) (tstamp 5EAABB56)
    (at 84.915411 129.184589)
    (descr "Capacitor SMD 0603 (1608 Metric), square (rectangular) end terminal, IPC_7351 nominal with elongated pad for handsoldering. (Body size source: http://www.tortai-tech.com/upload/download/2011102023233369053.pdf), generated with kicad-footprint-generator")
    (tags "capacitor handsolder")
    (path /5F22B6DA)
    (attr smd)
    (fp_text reference C2 (at 0 1.43) (layer B.SilkS)
      (effects (font (size 1 1) (thickness 0.15)) (justify mirror))
    )
    (fp_text value 2.2n (at 0 -1.43) (layer B.Fab)
      (effects (font (size 1 1) (thickness 0.15)) (justify mirror))
    )
    (fp_text user %R (at 0 0) (layer B.Fab)
      (effects (font (size 0.4 0.4) (thickness 0.06)) (justify mirror))
    )
    (fp_line (start 1.65 -0.73) (end -1.65 -0.73) (layer B.CrtYd) (width 0.05))
    (fp_line (start 1.65 0.73) (end 1.65 -0.73) (layer B.CrtYd) (width 0.05))
    (fp_line (start -1.65 0.73) (end 1.65 0.73) (layer B.CrtYd) (width 0.05))
    (fp_line (start -1.65 -0.73) (end -1.65 0.73) (layer B.CrtYd) (width 0.05))
    (fp_line (start -0.171267 -0.51) (end 0.171267 -0.51) (layer B.SilkS) (width 0.12))
    (fp_line (start -0.171267 0.51) (end 0.171267 0.51) (layer B.SilkS) (width 0.12))
    (fp_line (start 0.8 -0.4) (end -0.8 -0.4) (layer B.Fab) (width 0.1))
    (fp_line (start 0.8 0.4) (end 0.8 -0.4) (layer B.Fab) (width 0.1))
    (fp_line (start -0.8 0.4) (end 0.8 0.4) (layer B.Fab) (width 0.1))
    (fp_line (start -0.8 -0.4) (end -0.8 0.4) (layer B.Fab) (width 0.1))
    (pad 2 smd roundrect (at 0.875 0) (size 1.05 0.95) (layers B.Cu B.Paste B.Mask) (roundrect_rratio 0.25)
      (net 2 GND))
    (pad 1 smd roundrect (at -0.875 0) (size 1.05 0.95) (layers B.Cu B.Paste B.Mask) (roundrect_rratio 0.25)
      (net 11 /COL0))
    (model ${KISYS3DMOD}/Capacitor_SMD.3dshapes/C_0603_1608Metric.wrl
      (at (xyz 0 0 0))
      (scale (xyz 1 1 1))
      (rotate (xyz 0 0 0))
    )
  )

  (module Capacitor_SMD:C_0603_1608Metric_Pad1.05x0.95mm_HandSolder (layer B.Cu) (tedit 5B301BBE) (tstamp 5EAABB67)
    (at 108.8 131.8 180)
    (descr "Capacitor SMD 0603 (1608 Metric), square (rectangular) end terminal, IPC_7351 nominal with elongated pad for handsoldering. (Body size source: http://www.tortai-tech.com/upload/download/2011102023233369053.pdf), generated with kicad-footprint-generator")
    (tags "capacitor handsolder")
    (path /5F22B67E)
    (attr smd)
    (fp_text reference C3 (at 0 1.43 180) (layer B.SilkS)
      (effects (font (size 1 1) (thickness 0.15)) (justify mirror))
    )
    (fp_text value 2.2n (at 0 -1.43 180) (layer B.Fab)
      (effects (font (size 1 1) (thickness 0.15)) (justify mirror))
    )
    (fp_text user %R (at 0 0 180) (layer B.Fab)
      (effects (font (size 0.4 0.4) (thickness 0.06)) (justify mirror))
    )
    (fp_line (start 1.65 -0.73) (end -1.65 -0.73) (layer B.CrtYd) (width 0.05))
    (fp_line (start 1.65 0.73) (end 1.65 -0.73) (layer B.CrtYd) (width 0.05))
    (fp_line (start -1.65 0.73) (end 1.65 0.73) (layer B.CrtYd) (width 0.05))
    (fp_line (start -1.65 -0.73) (end -1.65 0.73) (layer B.CrtYd) (width 0.05))
    (fp_line (start -0.171267 -0.51) (end 0.171267 -0.51) (layer B.SilkS) (width 0.12))
    (fp_line (start -0.171267 0.51) (end 0.171267 0.51) (layer B.SilkS) (width 0.12))
    (fp_line (start 0.8 -0.4) (end -0.8 -0.4) (layer B.Fab) (width 0.1))
    (fp_line (start 0.8 0.4) (end 0.8 -0.4) (layer B.Fab) (width 0.1))
    (fp_line (start -0.8 0.4) (end 0.8 0.4) (layer B.Fab) (width 0.1))
    (fp_line (start -0.8 -0.4) (end -0.8 0.4) (layer B.Fab) (width 0.1))
    (pad 2 smd roundrect (at 0.875 0 180) (size 1.05 0.95) (layers B.Cu B.Paste B.Mask) (roundrect_rratio 0.25)
      (net 2 GND))
    (pad 1 smd roundrect (at -0.875 0 180) (size 1.05 0.95) (layers B.Cu B.Paste B.Mask) (roundrect_rratio 0.25)
      (net 12 /COL1))
    (model ${KISYS3DMOD}/Capacitor_SMD.3dshapes/C_0603_1608Metric.wrl
      (at (xyz 0 0 0))
      (scale (xyz 1 1 1))
      (rotate (xyz 0 0 0))
    )
  )

  (module Capacitor_SMD:C_0603_1608Metric_Pad1.05x0.95mm_HandSolder (layer F.Cu) (tedit 5B301BBE) (tstamp 5EAABB68)
    (at 121.6 125.8 90)
    (descr "Capacitor SMD 0603 (1608 Metric), square (rectangular) end terminal, IPC_7351 nominal with elongated pad for handsoldering. (Body size source: http://www.tortai-tech.com/upload/download/2011102023233369053.pdf), generated with kicad-footprint-generator")
    (tags "capacitor handsolder")
    (path /5E6EB803)
    (attr smd)
    (fp_text reference C4 (at 0 -1.43 90) (layer F.SilkS)
      (effects (font (size 1 1) (thickness 0.15)))
    )
    (fp_text value 2.2n (at 0 1.43 90) (layer F.Fab)
      (effects (font (size 1 1) (thickness 0.15)))
    )
    (fp_text user %R (at 0 0 90) (layer B.Fab)
      (effects (font (size 0.4 0.4) (thickness 0.06)) (justify mirror))
    )
    (fp_line (start 1.65 0.73) (end -1.65 0.73) (layer F.CrtYd) (width 0.05))
    (fp_line (start 1.65 -0.73) (end 1.65 0.73) (layer F.CrtYd) (width 0.05))
    (fp_line (start -1.65 -0.73) (end 1.65 -0.73) (layer F.CrtYd) (width 0.05))
    (fp_line (start -1.65 0.73) (end -1.65 -0.73) (layer F.CrtYd) (width 0.05))
    (fp_line (start -0.171267 0.51) (end 0.171267 0.51) (layer F.SilkS) (width 0.12))
    (fp_line (start -0.171267 -0.51) (end 0.171267 -0.51) (layer F.SilkS) (width 0.12))
    (fp_line (start 0.8 0.4) (end -0.8 0.4) (layer F.Fab) (width 0.1))
    (fp_line (start 0.8 -0.4) (end 0.8 0.4) (layer F.Fab) (width 0.1))
    (fp_line (start -0.8 -0.4) (end 0.8 -0.4) (layer F.Fab) (width 0.1))
    (fp_line (start -0.8 0.4) (end -0.8 -0.4) (layer F.Fab) (width 0.1))
    (pad 2 smd roundrect (at 0.875 0 90) (size 1.05 0.95) (layers F.Cu F.Paste F.Mask) (roundrect_rratio 0.25)
      (net 2 GND))
    (pad 1 smd roundrect (at -0.875 0 90) (size 1.05 0.95) (layers F.Cu F.Paste F.Mask) (roundrect_rratio 0.25)
      (net 13 /COL2))
    (model ${KISYS3DMOD}/Capacitor_SMD.3dshapes/C_0603_1608Metric.wrl
      (at (xyz 0 0 0))
      (scale (xyz 1 1 1))
      (rotate (xyz 0 0 0))
    )
  )

  (module Capacitor_SMD:C_0603_1608Metric_Pad1.05x0.95mm_HandSolder (layer B.Cu) (tedit 5B301BBE) (tstamp 5EAABB78)
    (at 135.1 122.376083 180)
    (descr "Capacitor SMD 0603 (1608 Metric), square (rectangular) end terminal, IPC_7351 nominal with elongated pad for handsoldering. (Body size source: http://www.tortai-tech.com/upload/download/2011102023233369053.pdf), generated with kicad-footprint-generator")
    (tags "capacitor handsolder")
    (path /5E74D7B7)
    (attr smd)
    (fp_text reference C5 (at 0 1.43 180) (layer B.SilkS)
      (effects (font (size 1 1) (thickness 0.15)) (justify mirror))
    )
    (fp_text value 2.2n (at 0 -1.43 180) (layer B.Fab)
      (effects (font (size 1 1) (thickness 0.15)) (justify mirror))
    )
    (fp_line (start -0.8 -0.4) (end -0.8 0.4) (layer B.Fab) (width 0.1))
    (fp_line (start -0.8 0.4) (end 0.8 0.4) (layer B.Fab) (width 0.1))
    (fp_line (start 0.8 0.4) (end 0.8 -0.4) (layer B.Fab) (width 0.1))
    (fp_line (start 0.8 -0.4) (end -0.8 -0.4) (layer B.Fab) (width 0.1))
    (fp_line (start -0.171267 0.51) (end 0.171267 0.51) (layer B.SilkS) (width 0.12))
    (fp_line (start -0.171267 -0.51) (end 0.171267 -0.51) (layer B.SilkS) (width 0.12))
    (fp_line (start -1.65 -0.73) (end -1.65 0.73) (layer B.CrtYd) (width 0.05))
    (fp_line (start -1.65 0.73) (end 1.65 0.73) (layer B.CrtYd) (width 0.05))
    (fp_line (start 1.65 0.73) (end 1.65 -0.73) (layer B.CrtYd) (width 0.05))
    (fp_line (start 1.65 -0.73) (end -1.65 -0.73) (layer B.CrtYd) (width 0.05))
    (fp_text user %R (at 0 0 180) (layer B.Fab)
      (effects (font (size 0.4 0.4) (thickness 0.06)) (justify mirror))
    )
    (pad 1 smd roundrect (at -0.875 0 180) (size 1.05 0.95) (layers B.Cu B.Paste B.Mask) (roundrect_rratio 0.25)
      (net 14 /COL3))
    (pad 2 smd roundrect (at 0.875 0 180) (size 1.05 0.95) (layers B.Cu B.Paste B.Mask) (roundrect_rratio 0.25)
      (net 2 GND))
    (model ${KISYS3DMOD}/Capacitor_SMD.3dshapes/C_0603_1608Metric.wrl
      (at (xyz 0 0 0))
      (scale (xyz 1 1 1))
      (rotate (xyz 0 0 0))
    )
  )

  (module Capacitor_SMD:C_0603_1608Metric_Pad1.05x0.95mm_HandSolder (layer B.Cu) (tedit 5B301BBE) (tstamp 5EAABB88)
    (at 133.3 126.8)
    (descr "Capacitor SMD 0603 (1608 Metric), square (rectangular) end terminal, IPC_7351 nominal with elongated pad for handsoldering. (Body size source: http://www.tortai-tech.com/upload/download/2011102023233369053.pdf), generated with kicad-footprint-generator")
    (tags "capacitor handsolder")
    (path /5E754F52)
    (attr smd)
    (fp_text reference C6 (at 0 1.43) (layer B.SilkS)
      (effects (font (size 1 1) (thickness 0.15)) (justify mirror))
    )
    (fp_text value 2.2n (at 0 -1.43) (layer B.Fab)
      (effects (font (size 1 1) (thickness 0.15)) (justify mirror))
    )
    (fp_text user %R (at 0 0) (layer B.Fab)
      (effects (font (size 0.4 0.4) (thickness 0.06)) (justify mirror))
    )
    (fp_line (start 1.65 -0.73) (end -1.65 -0.73) (layer B.CrtYd) (width 0.05))
    (fp_line (start 1.65 0.73) (end 1.65 -0.73) (layer B.CrtYd) (width 0.05))
    (fp_line (start -1.65 0.73) (end 1.65 0.73) (layer B.CrtYd) (width 0.05))
    (fp_line (start -1.65 -0.73) (end -1.65 0.73) (layer B.CrtYd) (width 0.05))
    (fp_line (start -0.171267 -0.51) (end 0.171267 -0.51) (layer B.SilkS) (width 0.12))
    (fp_line (start -0.171267 0.51) (end 0.171267 0.51) (layer B.SilkS) (width 0.12))
    (fp_line (start 0.8 -0.4) (end -0.8 -0.4) (layer B.Fab) (width 0.1))
    (fp_line (start 0.8 0.4) (end 0.8 -0.4) (layer B.Fab) (width 0.1))
    (fp_line (start -0.8 0.4) (end 0.8 0.4) (layer B.Fab) (width 0.1))
    (fp_line (start -0.8 -0.4) (end -0.8 0.4) (layer B.Fab) (width 0.1))
    (pad 2 smd roundrect (at 0.875 0) (size 1.05 0.95) (layers B.Cu B.Paste B.Mask) (roundrect_rratio 0.25)
      (net 2 GND))
    (pad 1 smd roundrect (at -0.875 0) (size 1.05 0.95) (layers B.Cu B.Paste B.Mask) (roundrect_rratio 0.25)
      (net 15 /COL4))
    (model ${KISYS3DMOD}/Capacitor_SMD.3dshapes/C_0603_1608Metric.wrl
      (at (xyz 0 0 0))
      (scale (xyz 1 1 1))
      (rotate (xyz 0 0 0))
    )
  )

  (module Capacitor_SMD:C_0603_1608Metric_Pad1.05x0.95mm_HandSolder (layer B.Cu) (tedit 5B301BBE) (tstamp 5EAABB98)
    (at 133.262403 129.897549)
    (descr "Capacitor SMD 0603 (1608 Metric), square (rectangular) end terminal, IPC_7351 nominal with elongated pad for handsoldering. (Body size source: http://www.tortai-tech.com/upload/download/2011102023233369053.pdf), generated with kicad-footprint-generator")
    (tags "capacitor handsolder")
    (path /5E75FE19)
    (attr smd)
    (fp_text reference C7 (at 0 1.43) (layer B.SilkS)
      (effects (font (size 1 1) (thickness 0.15)) (justify mirror))
    )
    (fp_text value 2.2n (at 0 -1.43) (layer B.Fab)
      (effects (font (size 1 1) (thickness 0.15)) (justify mirror))
    )
    (fp_line (start -0.8 -0.4) (end -0.8 0.4) (layer B.Fab) (width 0.1))
    (fp_line (start -0.8 0.4) (end 0.8 0.4) (layer B.Fab) (width 0.1))
    (fp_line (start 0.8 0.4) (end 0.8 -0.4) (layer B.Fab) (width 0.1))
    (fp_line (start 0.8 -0.4) (end -0.8 -0.4) (layer B.Fab) (width 0.1))
    (fp_line (start -0.171267 0.51) (end 0.171267 0.51) (layer B.SilkS) (width 0.12))
    (fp_line (start -0.171267 -0.51) (end 0.171267 -0.51) (layer B.SilkS) (width 0.12))
    (fp_line (start -1.65 -0.73) (end -1.65 0.73) (layer B.CrtYd) (width 0.05))
    (fp_line (start -1.65 0.73) (end 1.65 0.73) (layer B.CrtYd) (width 0.05))
    (fp_line (start 1.65 0.73) (end 1.65 -0.73) (layer B.CrtYd) (width 0.05))
    (fp_line (start 1.65 -0.73) (end -1.65 -0.73) (layer B.CrtYd) (width 0.05))
    (fp_text user %R (at 0 0) (layer B.Fab)
      (effects (font (size 0.4 0.4) (thickness 0.06)) (justify mirror))
    )
    (pad 1 smd roundrect (at -0.875 0) (size 1.05 0.95) (layers B.Cu B.Paste B.Mask) (roundrect_rratio 0.25)
      (net 16 /COL5))
    (pad 2 smd roundrect (at 0.875 0) (size 1.05 0.95) (layers B.Cu B.Paste B.Mask) (roundrect_rratio 0.25)
      (net 2 GND))
    (model ${KISYS3DMOD}/Capacitor_SMD.3dshapes/C_0603_1608Metric.wrl
      (at (xyz 0 0 0))
      (scale (xyz 1 1 1))
      (rotate (xyz 0 0 0))
    )
  )

  (module Capacitor_SMD:C_0603_1608Metric_Pad1.05x0.95mm_HandSolder (layer B.Cu) (tedit 5B301BBE) (tstamp 5EAABC38)
    (at 53.5 119.6 90)
    (descr "Capacitor SMD 0603 (1608 Metric), square (rectangular) end terminal, IPC_7351 nominal with elongated pad for handsoldering. (Body size source: http://www.tortai-tech.com/upload/download/2011102023233369053.pdf), generated with kicad-footprint-generator")
    (tags "capacitor handsolder")
    (path /5EF37B1C)
    (attr smd)
    (fp_text reference C17 (at 0 1.43 90) (layer B.SilkS)
      (effects (font (size 1 1) (thickness 0.15)) (justify mirror))
    )
    (fp_text value 0.1u (at 0 -1.43 90) (layer B.Fab)
      (effects (font (size 1 1) (thickness 0.15)) (justify mirror))
    )
    (fp_line (start -0.8 -0.4) (end -0.8 0.4) (layer B.Fab) (width 0.1))
    (fp_line (start -0.8 0.4) (end 0.8 0.4) (layer B.Fab) (width 0.1))
    (fp_line (start 0.8 0.4) (end 0.8 -0.4) (layer B.Fab) (width 0.1))
    (fp_line (start 0.8 -0.4) (end -0.8 -0.4) (layer B.Fab) (width 0.1))
    (fp_line (start -0.171267 0.51) (end 0.171267 0.51) (layer B.SilkS) (width 0.12))
    (fp_line (start -0.171267 -0.51) (end 0.171267 -0.51) (layer B.SilkS) (width 0.12))
    (fp_line (start -1.65 -0.73) (end -1.65 0.73) (layer B.CrtYd) (width 0.05))
    (fp_line (start -1.65 0.73) (end 1.65 0.73) (layer B.CrtYd) (width 0.05))
    (fp_line (start 1.65 0.73) (end 1.65 -0.73) (layer B.CrtYd) (width 0.05))
    (fp_line (start 1.65 -0.73) (end -1.65 -0.73) (layer B.CrtYd) (width 0.05))
    (fp_text user %R (at 0 0 90) (layer B.Fab)
      (effects (font (size 0.4 0.4) (thickness 0.06)) (justify mirror))
    )
    (pad 1 smd roundrect (at -0.875 0 90) (size 1.05 0.95) (layers B.Cu B.Paste B.Mask) (roundrect_rratio 0.25)
      (net 3 +5V))
    (pad 2 smd roundrect (at 0.875 0 90) (size 1.05 0.95) (layers B.Cu B.Paste B.Mask) (roundrect_rratio 0.25)
      (net 2 GND))
    (model ${KISYS3DMOD}/Capacitor_SMD.3dshapes/C_0603_1608Metric.wrl
      (at (xyz 0 0 0))
      (scale (xyz 1 1 1))
      (rotate (xyz 0 0 0))
    )
  )

  (module Capacitor_SMD:C_0603_1608Metric_Pad1.05x0.95mm_HandSolder (layer B.Cu) (tedit 5B301BBE) (tstamp 5EAABC48)
    (at 64.1 121.1 270)
    (descr "Capacitor SMD 0603 (1608 Metric), square (rectangular) end terminal, IPC_7351 nominal with elongated pad for handsoldering. (Body size source: http://www.tortai-tech.com/upload/download/2011102023233369053.pdf), generated with kicad-footprint-generator")
    (tags "capacitor handsolder")
    (path /5F162B0E)
    (attr smd)
    (fp_text reference C18 (at 0 1.43 270) (layer B.SilkS)
      (effects (font (size 1 1) (thickness 0.15)) (justify mirror))
    )
    (fp_text value 0.1u (at 0 -1.43 270) (layer B.Fab)
      (effects (font (size 1 1) (thickness 0.15)) (justify mirror))
    )
    (fp_line (start -0.8 -0.4) (end -0.8 0.4) (layer B.Fab) (width 0.1))
    (fp_line (start -0.8 0.4) (end 0.8 0.4) (layer B.Fab) (width 0.1))
    (fp_line (start 0.8 0.4) (end 0.8 -0.4) (layer B.Fab) (width 0.1))
    (fp_line (start 0.8 -0.4) (end -0.8 -0.4) (layer B.Fab) (width 0.1))
    (fp_line (start -0.171267 0.51) (end 0.171267 0.51) (layer B.SilkS) (width 0.12))
    (fp_line (start -0.171267 -0.51) (end 0.171267 -0.51) (layer B.SilkS) (width 0.12))
    (fp_line (start -1.65 -0.73) (end -1.65 0.73) (layer B.CrtYd) (width 0.05))
    (fp_line (start -1.65 0.73) (end 1.65 0.73) (layer B.CrtYd) (width 0.05))
    (fp_line (start 1.65 0.73) (end 1.65 -0.73) (layer B.CrtYd) (width 0.05))
