(kicad_pcb (version 20171130) (host pcbnew "(5.0.2)-1")

  (general
    (thickness 1.6)
    (drawings 23)
    (tracks 427)
    (zones 0)
    (modules 32)
    (nets 43)
  )

  (page A4)
  (layers
    (0 F.Cu signal)
    (31 B.Cu signal)
    (32 B.Adhes user)
    (33 F.Adhes user)
    (34 B.Paste user)
    (35 F.Paste user)
    (36 B.SilkS user)
    (37 F.SilkS user)
    (38 B.Mask user)
    (39 F.Mask user)
    (40 Dwgs.User user)
    (41 Cmts.User user)
    (42 Eco1.User user)
    (43 Eco2.User user)
    (44 Edge.Cuts user)
    (45 Margin user)
    (46 B.CrtYd user)
    (47 F.CrtYd user)
    (48 B.Fab user)
    (49 F.Fab user)
  )

  (setup
    (last_trace_width 0.25)
    (user_trace_width 0.3)
    (user_trace_width 0.5)
    (user_trace_width 0.7)
    (user_trace_width 1)
    (trace_clearance 0.2)
    (zone_clearance 0.508)
    (zone_45_only no)
    (trace_min 0.2)
    (segment_width 0.2)
    (edge_width 0.15)
    (via_size 0.8)
    (via_drill 0.4)
    (via_min_size 0.4)
    (via_min_drill 0.3)
    (uvia_size 0.3)
    (uvia_drill 0.1)
    (uvias_allowed no)
    (uvia_min_size 0.2)
    (uvia_min_drill 0.1)
    (pcb_text_width 0.3)
    (pcb_text_size 1.5 1.5)
    (mod_edge_width 0.15)
    (mod_text_size 1 1)
    (mod_text_width 0.15)
    (pad_size 1.524 1.524)
    (pad_drill 0.762)
    (pad_to_mask_clearance 0.051)
    (solder_mask_min_width 0.25)
    (aux_axis_origin 0 0)
    (grid_origin 50 50)
    (visible_elements 7FFFFFFF)
    (pcbplotparams
      (layerselection 0x010fc_ffffffff)
      (usegerberextensions false)
      (usegerberattributes false)
      (usegerberadvancedattributes false)
      (creategerberjobfile false)
      (excludeedgelayer true)
      (linewidth 0.100000)
      (plotframeref false)
      (viasonmask false)
      (mode 1)
      (useauxorigin false)
      (hpglpennumber 1)
      (hpglpenspeed 20)
      (hpglpendiameter 15.000000)
      (psnegative false)
      (psa4output false)
      (plotreference true)
      (plotvalue true)
      (plotinvisibletext false)
      (padsonsilk false)
      (subtractmaskfromsilk false)
      (outputformat 1)
      (mirror false)
      (drillshape 0)
      (scaleselection 1)
      (outputdirectory "getber/rev1/"))
  )

  (net 0 "")
  (net 1 GND)
  (net 2 "Net-(C8-Pad1)")
  (net 3 "Net-(C9-Pad1)")
  (net 4 "Net-(C10-Pad1)")
  (net 5 +5V)
  (net 6 "Net-(C12-Pad1)")
  (net 7 "Net-(D2-Pad2)")
  (net 8 "Net-(D3-Pad2)")
  (net 9 "Net-(D4-Pad2)")
  (net 10 "Net-(D5-Pad2)")
  (net 11 "Net-(J2-Pad2)")
  (net 12 "Net-(J2-Pad3)")
  (net 13 /READ)
  (net 14 /COL_EN)
  (net 15 /COL_C)
  (net 16 /COL_B)
  (net 17 /COL_A)
  (net 18 /DRAIN)
  (net 19 /MUX_EN)
  (net 20 /MUX_C)
  (net 21 /MUX_B)
  (net 22 /MUX_A)
  (net 23 "Net-(J2-Pad4)")
  (net 24 "Net-(U3-Pad1)")
  (net 25 "Net-(U3-Pad18)")
  (net 26 "Net-(U3-Pad19)")
  (net 27 "Net-(U3-Pad26)")
  (net 28 "Net-(U3-Pad27)")
  (net 29 "Net-(U3-Pad31)")
  (net 30 "Net-(U3-Pad25)")
  (net 31 /RESET)
  (net 32 /MISO)
  (net 33 /SCK)
  (net 34 /MOSI)
  (net 35 /Rx)
  (net 36 /Tx)
  (net 37 /CLKLED)
  (net 38 /RXLED)
  (net 39 /TXLED)
  (net 40 /HWB)
  (net 41 /D+)
  (net 42 /D-)

  (net_class Default "これはデフォルトのネット クラスです。"
    (clearance 0.2)
    (trace_width 0.25)
    (via_dia 0.8)
    (via_drill 0.4)
    (uvia_dia 0.3)
    (uvia_drill 0.1)
    (add_net +5V)
    (add_net /CLKLED)
    (add_net /COL_A)
    (add_net /COL_B)
    (add_net /COL_C)
    (add_net /COL_EN)
    (add_net /D+)
    (add_net /D-)
    (add_net /DRAIN)
    (add_net /HWB)
    (add_net /MISO)
    (add_net /MOSI)
    (add_net /MUX_A)
    (add_net /MUX_B)
    (add_net /MUX_C)
    (add_net /MUX_EN)
    (add_net /READ)
    (add_net /RESET)
    (add_net /RXLED)
    (add_net /Rx)
    (add_net /SCK)
    (add_net /TXLED)
    (add_net /Tx)
    (add_net GND)
    (add_net "Net-(C10-Pad1)")
    (add_net "Net-(C12-Pad1)")
    (add_net "Net-(C8-Pad1)")
    (add_net "Net-(C9-Pad1)")
    (add_net "Net-(D2-Pad2)")
    (add_net "Net-(D3-Pad2)")
    (add_net "Net-(D4-Pad2)")
    (add_net "Net-(D5-Pad2)")
    (add_net "Net-(J2-Pad2)")
    (add_net "Net-(J2-Pad3)")
    (add_net "Net-(J2-Pad4)")
    (add_net "Net-(U3-Pad1)")
    (add_net "Net-(U3-Pad18)")
    (add_net "Net-(U3-Pad19)")
    (add_net "Net-(U3-Pad25)")
    (add_net "Net-(U3-Pad26)")
    (add_net "Net-(U3-Pad27)")
    (add_net "Net-(U3-Pad31)")
  )

  (module MyLib:IC_Sticker (layer F.Cu) (tedit 5E835E84) (tstamp 5EBAB9BD)
    (at 81.2 54.6 338)
    (fp_text reference REF** (at 0 -3.6 338) (layer F.SilkS) hide
      (effects (font (size 1 1) (thickness 0.15)))
    )
    (fp_text value IC_Sticker (at 0 -4.4 338) (layer F.Fab) hide
      (effects (font (size 1 1) (thickness 0.15)))
    )
    (fp_circle (center 0 -0.8) (end 0.25 -0.8) (layer F.SilkS) (width 0.15))
    (fp_circle (center -1.2 -1.2) (end -0.95 -1.2) (layer F.SilkS) (width 0.15))
    (fp_line (start -2 -1.5) (end -2.75 -1.5) (layer F.SilkS) (width 0.2))
    (fp_line (start -2 1.500001) (end -2.749999 1.5) (layer F.SilkS) (width 0.2))
    (fp_line (start -2 0.75) (end -2.75 0.75) (layer F.SilkS) (width 0.2))
    (fp_line (start -2 -0.75) (end -2.75 -0.75) (layer F.SilkS) (width 0.2))
    (fp_line (start -2 0) (end -2.75 0) (layer F.SilkS) (width 0.2))
    (fp_line (start 0 2) (end 0 2.75) (layer F.SilkS) (width 0.2))
    (fp_line (start -1.5 2) (end -1.5 2.75) (layer F.SilkS) (width 0.2))
    (fp_line (start 1.500001 2) (end 1.5 2.749999) (layer F.SilkS) (width 0.2))
    (fp_line (start 0.75 2) (end 0.75 2.75) (layer F.SilkS) (width 0.2))
    (fp_line (start -0.75 2) (end -0.75 2.75) (layer F.SilkS) (width 0.2))
    (fp_line (start 2 -1.500001) (end 2.749999 -1.5) (layer F.SilkS) (width 0.2))
    (fp_line (start 2 0.75) (end 2.75 0.75) (layer F.SilkS) (width 0.2))
    (fp_line (start 2 0) (end 2.75 0) (layer F.SilkS) (width 0.2))
    (fp_line (start 2 -0.75) (end 2.75 -0.75) (layer F.SilkS) (width 0.2))
    (fp_line (start 2 1.5) (end 2.75 1.5) (layer F.SilkS) (width 0.2))
    (fp_line (start 1.5 -2) (end 1.5 -2.75) (layer F.SilkS) (width 0.2))
    (fp_line (start 0.75 -2) (end 0.75 -2.75) (layer F.SilkS) (width 0.2))
    (fp_line (start 0 -2) (end 0 -2.75) (layer F.SilkS) (width 0.2))
    (fp_line (start -0.75 -2) (end -0.75 -2.75) (layer F.SilkS) (width 0.2))
    (fp_line (start -1.500001 -2) (end -1.5 -2.749999) (layer F.SilkS) (width 0.2))
    (fp_line (start -2 2) (end -2 -2) (layer F.SilkS) (width 0.4))
    (fp_line (start 2 2) (end -2 2) (layer F.SilkS) (width 0.4))
    (fp_line (start 2 -2) (end 2 2) (layer F.SilkS) (width 0.4))
    (fp_line (start -2 -2) (end 2 -2) (layer F.SilkS) (width 0.4))
  )

  (module Connector_USB:USB_Micro-B_Molex_47346-0001 (layer B.Cu) (tedit 5A1DC0BD) (tstamp 5E7A1583)
    (at 57.9375 52.6)
    (descr "Micro USB B receptable with flange, bottom-mount, SMD, right-angle (http://www.molex.com/pdm_docs/sd/473460001_sd.pdf)")
    (tags "Micro B USB SMD")
    (path /5EDE139B)
    (attr smd)
    (fp_text reference J2 (at 2.4625 3.1 -180) (layer B.SilkS)
      (effects (font (size 1 1) (thickness 0.15)) (justify mirror))
    )
    (fp_text value USB_B_Micro (at 0 -4.6 -180) (layer B.Fab)
      (effects (font (size 1 1) (thickness 0.15)) (justify mirror))
    )
    (fp_line (start -3.25 -2.65) (end 3.25 -2.65) (layer B.Fab) (width 0.1))
    (fp_line (start -3.81 -2.6) (end -3.81 -2.34) (layer B.SilkS) (width 0.12))
    (fp_line (start -3.81 -0.06) (end -3.81 1.71) (layer B.SilkS) (width 0.12))
    (fp_line (start -3.81 1.71) (end -3.43 1.71) (layer B.SilkS) (width 0.12))
    (fp_line (start 3.81 1.71) (end 3.81 -0.06) (layer B.SilkS) (width 0.12))
    (fp_line (start 3.81 -2.34) (end 3.81 -2.6) (layer B.SilkS) (width 0.12))
    (fp_line (start -3.75 -3.35) (end -3.75 1.65) (layer B.Fab) (width 0.1))
    (fp_line (start -3.75 1.65) (end 3.75 1.65) (layer B.Fab) (width 0.1))
    (fp_line (start 3.75 1.65) (end 3.75 -3.35) (layer B.Fab) (width 0.1))
    (fp_line (start 3.75 -3.35) (end -3.75 -3.35) (layer B.Fab) (width 0.1))
    (fp_line (start -4.6 -3.9) (end -4.6 2.7) (layer B.CrtYd) (width 0.05))
    (fp_line (start -4.6 2.7) (end 4.6 2.7) (layer B.CrtYd) (width 0.05))
    (fp_line (start 4.6 2.7) (end 4.6 -3.9) (layer B.CrtYd) (width 0.05))
    (fp_line (start 4.6 -3.9) (end -4.6 -3.9) (layer B.CrtYd) (width 0.05))
    (fp_line (start 3.81 1.71) (end 3.43 1.71) (layer B.SilkS) (width 0.12))
    (fp_text user %R (at 0 -1.2) (layer B.Fab)
      (effects (font (size 1 1) (thickness 0.15)) (justify mirror))
    )
    (fp_text user "PCB Edge" (at 0 -2.67 -180) (layer Dwgs.User)
      (effects (font (size 0.4 0.4) (thickness 0.04)))
    )
    (pad 6 smd rect (at 0.84 -1.2) (size 1.175 1.9) (layers B.Cu B.Paste B.Mask)
      (net 1 GND))
    (pad 6 smd rect (at -0.84 -1.2) (size 1.175 1.9) (layers B.Cu B.Paste B.Mask)
      (net 1 GND))
    (pad 6 smd rect (at 2.91 -1.2) (size 2.375 1.9) (layers B.Cu B.Paste B.Mask)
      (net 1 GND))
    (pad 6 smd rect (at -2.91 -1.2) (size 2.375 1.9) (layers B.Cu B.Paste B.Mask)
      (net 1 GND))
    (pad 6 smd rect (at 2.4625 1.1) (size 1.475 2.1) (layers B.Cu B.Paste B.Mask)
      (net 1 GND))
    (pad 6 smd rect (at -2.4625 1.1) (size 1.475 2.1) (layers B.Cu B.Paste B.Mask)
      (net 1 GND))
    (pad 5 smd rect (at 1.3 1.46) (size 0.45 1.38) (layers B.Cu B.Paste B.Mask)
      (net 1 GND))
    (pad 4 smd rect (at 0.65 1.46) (size 0.45 1.38) (layers B.Cu B.Paste B.Mask)
      (net 23 "Net-(J2-Pad4)"))
    (pad 3 smd rect (at 0 1.46) (size 0.45 1.38) (layers B.Cu B.Paste B.Mask)
      (net 12 "Net-(J2-Pad3)"))
    (pad 2 smd rect (at -0.65 1.46) (size 0.45 1.38) (layers B.Cu B.Paste B.Mask)
      (net 11 "Net-(J2-Pad2)"))
    (pad 1 smd rect (at -1.3 1.46) (size 0.45 1.38) (layers B.Cu B.Paste B.Mask)
      (net 5 +5V))
    (model ${KISYS3DMOD}/Connector_USB.3dshapes/USB_Micro-B_Molex_47346-0001.wrl
      (at (xyz 0 0 0))
      (scale (xyz 1 1 1))
      (rotate (xyz 0 0 0))
    )
  )

  (module Connector_PinHeader_2.54mm:PinHeader_2x03_P2.54mm_Vertical (layer B.Cu) (tedit 59FED5CC) (tstamp 5E7A1563)
    (at 91.1 54.5 90)
    (descr "Through hole straight pin header, 2x03, 2.54mm pitch, double rows")
    (tags "Through hole pin header THT 2x03 2.54mm double row")
    (path /5ED208DC)
    (fp_text reference J1 (at -2.5 0.5 180) (layer B.SilkS)
      (effects (font (size 1 1) (thickness 0.15)) (justify mirror))
    )
    (fp_text value ICSP (at 0.8 -7.4 90) (layer B.Fab)
      (effects (font (size 1 1) (thickness 0.15)) (justify mirror))
    )
    (fp_line (start 0 1.27) (end 3.81 1.27) (layer B.Fab) (width 0.1))
    (fp_line (start 3.81 1.27) (end 3.81 -6.35) (layer B.Fab) (width 0.1))
    (fp_line (start 3.81 -6.35) (end -1.27 -6.35) (layer B.Fab) (width 0.1))
    (fp_line (start -1.27 -6.35) (end -1.27 0) (layer B.Fab) (width 0.1))
    (fp_line (start -1.27 0) (end 0 1.27) (layer B.Fab) (width 0.1))
    (fp_line (start -1.33 -6.41) (end 3.87 -6.41) (layer B.SilkS) (width 0.12))
    (fp_line (start -1.33 -1.27) (end -1.33 -6.41) (layer B.SilkS) (width 0.12))
    (fp_line (start 3.87 1.33) (end 3.87 -6.41) (layer B.SilkS) (width 0.12))
    (fp_line (start -1.33 -1.27) (end 1.27 -1.27) (layer B.SilkS) (width 0.12))
    (fp_line (start 1.27 -1.27) (end 1.27 1.33) (layer B.SilkS) (width 0.12))
    (fp_line (start 1.27 1.33) (end 3.87 1.33) (layer B.SilkS) (width 0.12))
    (fp_line (start -1.33 0) (end -1.33 1.33) (layer B.SilkS) (width 0.12))
    (fp_line (start -1.33 1.33) (end 0 1.33) (layer B.SilkS) (width 0.12))
    (fp_line (start -1.8 1.8) (end -1.8 -6.85) (layer B.CrtYd) (width 0.05))
    (fp_line (start -1.8 -6.85) (end 4.35 -6.85) (layer B.CrtYd) (width 0.05))
    (fp_line (start 4.35 -6.85) (end 4.35 1.8) (layer B.CrtYd) (width 0.05))
    (fp_line (start 4.35 1.8) (end -1.8 1.8) (layer B.CrtYd) (width 0.05))
    (fp_text user %R (at 1.27 -2.54) (layer B.Fab)
      (effects (font (size 1 1) (thickness 0.15)) (justify mirror))
    )
    (pad 1 thru_hole rect (at 0 0 90) (size 1.7 1.7) (drill 1) (layers *.Cu *.Mask)
      (net 32 /MISO))
    (pad 2 thru_hole oval (at 2.54 0 90) (size 1.7 1.7) (drill 1) (layers *.Cu *.Mask)
      (net 5 +5V))
    (pad 3 thru_hole oval (at 0 -2.54 90) (size 1.7 1.7) (drill 1) (layers *.Cu *.Mask)
      (net 33 /SCK))
    (pad 4 thru_hole oval (at 2.54 -2.54 90) (size 1.7 1.7) (drill 1) (layers *.Cu *.Mask)
      (net 34 /MOSI))
    (pad 5 thru_hole oval (at 0 -5.08 90) (size 1.7 1.7) (drill 1) (layers *.Cu *.Mask)
      (net 31 /RESET))
    (pad 6 thru_hole oval (at 2.54 -5.08 90) (size 1.7 1.7) (drill 1) (layers *.Cu *.Mask)
      (net 1 GND))
    (model ${KISYS3DMOD}/Connector_PinHeader_2.54mm.3dshapes/PinHeader_2x03_P2.54mm_Vertical.wrl
      (at (xyz 0 0 0))
      (scale (xyz 1 1 1))
      (rotate (xyz 0 0 0))
    )
  )

  (module Package_QFP:TQFP-44_10x10mm_P0.8mm (layer B.Cu) (tedit 5A02F146) (tstamp 5E7A1A84)
    (at 77.4 60.9 270)
    (descr "44-Lead Plastic Thin Quad Flatpack (PT) - 10x10x1.0 mm Body [TQFP] (see Microchip Packaging Specification 00000049BS.pdf)")
    (tags "QFP 0.8")
    (path /5ECFFB58)
    (attr smd)
    (fp_text reference U3 (at 7.3 0.6 180) (layer B.SilkS)
      (effects (font (size 1 1) (thickness 0.15)) (justify mirror))
    )
    (fp_text value ATmega32U4-AU (at 0 -7.45 270) (layer B.Fab)
      (effects (font (size 1 1) (thickness 0.15)) (justify mirror))
    )
    (fp_text user %R (at 0 0 270) (layer B.Fab)
      (effects (font (size 1 1) (thickness 0.15)) (justify mirror))
    )
    (fp_line (start -4 5) (end 5 5) (layer B.Fab) (width 0.15))
    (fp_line (start 5 5) (end 5 -5) (layer B.Fab) (width 0.15))
    (fp_line (start 5 -5) (end -5 -5) (layer B.Fab) (width 0.15))
    (fp_line (start -5 -5) (end -5 4) (layer B.Fab) (width 0.15))
    (fp_line (start -5 4) (end -4 5) (layer B.Fab) (width 0.15))
    (fp_line (start -6.7 6.7) (end -6.7 -6.7) (layer B.CrtYd) (width 0.05))
    (fp_line (start 6.7 6.7) (end 6.7 -6.7) (layer B.CrtYd) (width 0.05))
    (fp_line (start -6.7 6.7) (end 6.7 6.7) (layer B.CrtYd) (width 0.05))
    (fp_line (start -6.7 -6.7) (end 6.7 -6.7) (layer B.CrtYd) (width 0.05))
    (fp_line (start -5.175 5.175) (end -5.175 4.6) (layer B.SilkS) (width 0.15))
    (fp_line (start 5.175 5.175) (end 5.175 4.5) (layer B.SilkS) (width 0.15))
    (fp_line (start 5.175 -5.175) (end 5.175 -4.5) (layer B.SilkS) (width 0.15))
    (fp_line (start -5.175 -5.175) (end -5.175 -4.5) (layer B.SilkS) (width 0.15))
    (fp_line (start -5.175 5.175) (end -4.5 5.175) (layer B.SilkS) (width 0.15))
    (fp_line (start -5.175 -5.175) (end -4.5 -5.175) (layer B.SilkS) (width 0.15))
    (fp_line (start 5.175 -5.175) (end 4.5 -5.175) (layer B.SilkS) (width 0.15))
    (fp_line (start 5.175 5.175) (end 4.5 5.175) (layer B.SilkS) (width 0.15))
    (fp_line (start -5.175 4.6) (end -6.45 4.6) (layer B.SilkS) (width 0.15))
    (pad 1 smd rect (at -5.7 4 270) (size 1.5 0.55) (layers B.Cu B.Paste B.Mask)
      (net 24 "Net-(U3-Pad1)"))
    (pad 2 smd rect (at -5.7 3.2 270) (size 1.5 0.55) (layers B.Cu B.Paste B.Mask)
      (net 5 +5V))
    (pad 3 smd rect (at -5.7 2.4 270) (size 1.5 0.55) (layers B.Cu B.Paste B.Mask)
      (net 41 /D+))
    (pad 4 smd rect (at -5.7 1.6 270) (size 1.5 0.55) (layers B.Cu B.Paste B.Mask)
      (net 42 /D-))
    (pad 5 smd rect (at -5.7 0.8 270) (size 1.5 0.55) (layers B.Cu B.Paste B.Mask)
      (net 1 GND))
    (pad 6 smd rect (at -5.7 0 270) (size 1.5 0.55) (layers B.Cu B.Paste B.Mask)
      (net 6 "Net-(C12-Pad1)"))
    (pad 7 smd rect (at -5.7 -0.8 270) (size 1.5 0.55) (layers B.Cu B.Paste B.Mask)
      (net 5 +5V))
    (pad 8 smd rect (at -5.7 -1.6 270) (size 1.5 0.55) (layers B.Cu B.Paste B.Mask)
      (net 38 /RXLED))
    (pad 9 smd rect (at -5.7 -2.4 270) (size 1.5 0.55) (layers B.Cu B.Paste B.Mask)
      (net 33 /SCK))
    (pad 10 smd rect (at -5.7 -3.2 270) (size 1.5 0.55) (layers B.Cu B.Paste B.Mask)
      (net 34 /MOSI))
    (pad 11 smd rect (at -5.7 -4 270) (size 1.5 0.55) (layers B.Cu B.Paste B.Mask)
      (net 32 /MISO))
    (pad 12 smd rect (at -4 -5.7 180) (size 1.5 0.55) (layers B.Cu B.Paste B.Mask)
      (net 14 /COL_EN))
    (pad 13 smd rect (at -3.2 -5.7 180) (size 1.5 0.55) (layers B.Cu B.Paste B.Mask)
      (net 31 /RESET))
    (pad 14 smd rect (at -2.4 -5.7 180) (size 1.5 0.55) (layers B.Cu B.Paste B.Mask)
      (net 5 +5V))
    (pad 15 smd rect (at -1.6 -5.7 180) (size 1.5 0.55) (layers B.Cu B.Paste B.Mask)
      (net 1 GND))
    (pad 16 smd rect (at -0.8 -5.7 180) (size 1.5 0.55) (layers B.Cu B.Paste B.Mask)
      (net 3 "Net-(C9-Pad1)"))
    (pad 17 smd rect (at 0 -5.7 180) (size 1.5 0.55) (layers B.Cu B.Paste B.Mask)
      (net 2 "Net-(C8-Pad1)"))
    (pad 18 smd rect (at 0.8 -5.7 180) (size 1.5 0.55) (layers B.Cu B.Paste B.Mask)
      (net 25 "Net-(U3-Pad18)"))
    (pad 19 smd rect (at 1.6 -5.7 180) (size 1.5 0.55) (layers B.Cu B.Paste B.Mask)
      (net 26 "Net-(U3-Pad19)"))
    (pad 20 smd rect (at 2.4 -5.7 180) (size 1.5 0.55) (layers B.Cu B.Paste B.Mask)
      (net 35 /Rx))
    (pad 21 smd rect (at 3.2 -5.7 180) (size 1.5 0.55) (layers B.Cu B.Paste B.Mask)
      (net 36 /Tx))
    (pad 22 smd rect (at 4 -5.7 180) (size 1.5 0.55) (layers B.Cu B.Paste B.Mask)
      (net 39 /TXLED))
    (pad 23 smd rect (at 5.7 -4 270) (size 1.5 0.55) (layers B.Cu B.Paste B.Mask)
      (net 1 GND))
    (pad 24 smd rect (at 5.7 -3.2 270) (size 1.5 0.55) (layers B.Cu B.Paste B.Mask)
      (net 5 +5V))
    (pad 25 smd rect (at 5.7 -2.4 270) (size 1.5 0.55) (layers B.Cu B.Paste B.Mask)
      (net 30 "Net-(U3-Pad25)"))
    (pad 26 smd rect (at 5.7 -1.6 270) (size 1.5 0.55) (layers B.Cu B.Paste B.Mask)
      (net 27 "Net-(U3-Pad26)"))
    (pad 27 smd rect (at 5.7 -0.8 270) (size 1.5 0.55) (layers B.Cu B.Paste B.Mask)
      (net 28 "Net-(U3-Pad27)"))
    (pad 28 smd rect (at 5.7 0 270) (size 1.5 0.55) (layers B.Cu B.Paste B.Mask)
      (net 17 /COL_A))
    (pad 29 smd rect (at 5.7 0.8 270) (size 1.5 0.55) (layers B.Cu B.Paste B.Mask)
      (net 16 /COL_B))
    (pad 30 smd rect (at 5.7 1.6 270) (size 1.5 0.55) (layers B.Cu B.Paste B.Mask)
      (net 15 /COL_C))
    (pad 31 smd rect (at 5.7 2.4 270) (size 1.5 0.55) (layers B.Cu B.Paste B.Mask)
      (net 29 "Net-(U3-Pad31)"))
    (pad 32 smd rect (at 5.7 3.2 270) (size 1.5 0.55) (layers B.Cu B.Paste B.Mask)
      (net 37 /CLKLED))
    (pad 33 smd rect (at 5.7 4 270) (size 1.5 0.55) (layers B.Cu B.Paste B.Mask)
      (net 40 /HWB))
    (pad 34 smd rect (at 4 5.7 180) (size 1.5 0.55) (layers B.Cu B.Paste B.Mask)
      (net 5 +5V))
    (pad 35 smd rect (at 3.2 5.7 180) (size 1.5 0.55) (layers B.Cu B.Paste B.Mask)
      (net 1 GND))
    (pad 36 smd rect (at 2.4 5.7 180) (size 1.5 0.55) (layers B.Cu B.Paste B.Mask)
      (net 22 /MUX_A))
    (pad 37 smd rect (at 1.6 5.7 180) (size 1.5 0.55) (layers B.Cu B.Paste B.Mask)
      (net 21 /MUX_B))
    (pad 38 smd rect (at 0.8 5.7 180) (size 1.5 0.55) (layers B.Cu B.Paste B.Mask)
      (net 20 /MUX_C))
    (pad 39 smd rect (at 0 5.7 180) (size 1.5 0.55) (layers B.Cu B.Paste B.Mask)
      (net 19 /MUX_EN))
    (pad 40 smd rect (at -0.8 5.7 180) (size 1.5 0.55) (layers B.Cu B.Paste B.Mask)
      (net 18 /DRAIN))
    (pad 41 smd rect (at -1.6 5.7 180) (size 1.5 0.55) (layers B.Cu B.Paste B.Mask)
      (net 13 /READ))
    (pad 42 smd rect (at -2.4 5.7 180) (size 1.5 0.55) (layers B.Cu B.Paste B.Mask)
      (net 4 "Net-(C10-Pad1)"))
    (pad 43 smd rect (at -3.2 5.7 180) (size 1.5 0.55) (layers B.Cu B.Paste B.Mask)
      (net 1 GND))
    (pad 44 smd rect (at -4 5.7 180) (size 1.5 0.55) (layers B.Cu B.Paste B.Mask)
      (net 5 +5V))
    (model ${KISYS3DMOD}/Package_QFP.3dshapes/TQFP-44_10x10mm_P0.8mm.wrl
      (at (xyz 0 0 0))
      (scale (xyz 1 1 1))
      (rotate (xyz 0 0 0))
    )
  )

  (module Crystal:Crystal_HC50_Vertical (layer B.Cu) (tedit 5A1AD3B8) (tstamp 5E7A1A9B)
    (at 87.6 65 90)
    (descr "Crystal THT HC-50, http://www.crovencrystals.com/croven_pdf/HC-50_Crystal_Holder_Rev_00.pdf")
    (tags "THT crystalHC-50")
    (path /5ED3BE95)
    (fp_text reference Y1 (at 2.6 -3.1 90) (layer B.SilkS)
      (effects (font (size 1 1) (thickness 0.15)) (justify mirror))
    )
    (fp_text value 16MHz (at 2.45 -3.525 90) (layer B.Fab)
      (effects (font (size 1 1) (thickness 0.15)) (justify mirror))
    )
    (fp_text user %R (at 2.45 0 90) (layer B.Fab)
      (effects (font (size 1 1) (thickness 0.15)) (justify mirror))
    )
    (fp_line (start -0.75 2.325) (end 5.65 2.325) (layer B.Fab) (width 0.1))
    (fp_line (start -0.75 -2.325) (end 5.65 -2.325) (layer B.Fab) (width 0.1))
    (fp_line (start -0.75 1.9) (end 5.65 1.9) (layer B.Fab) (width 0.1))
    (fp_line (start -0.75 -1.9) (end 5.65 -1.9) (layer B.Fab) (width 0.1))
    (fp_line (start -0.75 2.525) (end 5.65 2.525) (layer B.SilkS) (width 0.12))
    (fp_line (start -0.75 -2.525) (end 5.65 -2.525) (layer B.SilkS) (width 0.12))
    (fp_line (start -3.6 2.8) (end -3.6 -2.8) (layer B.CrtYd) (width 0.05))
    (fp_line (start -3.6 -2.8) (end 8.5 -2.8) (layer B.CrtYd) (width 0.05))
    (fp_line (start 8.5 -2.8) (end 8.5 2.8) (layer B.CrtYd) (width 0.05))
    (fp_line (start 8.5 2.8) (end -3.6 2.8) (layer B.CrtYd) (width 0.05))
    (fp_arc (start -0.75 0) (end -0.75 2.325) (angle 180) (layer B.Fab) (width 0.1))
    (fp_arc (start 5.65 0) (end 5.65 2.325) (angle -180) (layer B.Fab) (width 0.1))
    (fp_arc (start -0.75 0) (end -0.75 1.9) (angle 180) (layer B.Fab) (width 0.1))
    (fp_arc (start 5.65 0) (end 5.65 1.9) (angle -180) (layer B.Fab) (width 0.1))
    (fp_arc (start -0.75 0) (end -0.75 2.525) (angle 180) (layer B.SilkS) (width 0.12))
    (fp_arc (start 5.65 0) (end 5.65 2.525) (angle -180) (layer B.SilkS) (width 0.12))
    (pad 1 thru_hole circle (at 0 0 90) (size 2.3 2.3) (drill 1.5) (layers *.Cu *.Mask)
      (net 2 "Net-(C8-Pad1)"))
    (pad 2 thru_hole circle (at 4.9 0 90) (size 2.3 2.3) (drill 1.5) (layers *.Cu *.Mask)
      (net 3 "Net-(C9-Pad1)"))
    (model ${KISYS3DMOD}/Crystal.3dshapes/Crystal_HC50_Vertical.wrl
      (at (xyz 0 0 0))
      (scale (xyz 1 1 1))
      (rotate (xyz 0 0 0))
    )
  )

  (module MyLib:TRRS_jack_MJ4PP9 (layer B.Cu) (tedit 5E6E35B5) (tstamp 5E7B2F16)
    (at 96.1 50 270)
    (path /5EFE9CF0)
    (fp_text reference J3 (at 4.3 -0.1 270) (layer B.SilkS)
      (effects (font (size 1 1) (thickness 0.15)) (justify mirror))
    )
    (fp_text value TRRS_Jack (at 4.4 5.4 270) (layer B.Fab)
      (effects (font (size 1 1) (thickness 0.15)) (justify mirror))
    )
    (fp_line (start 0 -2.5) (end -2 -2.5) (layer B.SilkS) (width 0.15))
    (fp_line (start -2 -2.5) (end -2 2.5) (layer B.SilkS) (width 0.15))
    (fp_line (start -2 2.5) (end 0 2.5) (layer B.SilkS) (width 0.15))
    (fp_line (start 12.1 -3) (end 0 -3) (layer B.SilkS) (width 0.15))
    (fp_line (start 0 -3) (end 0 3) (layer B.SilkS) (width 0.15))
    (fp_line (start 0 3) (end 12.1 3) (layer B.SilkS) (width 0.15))
    (fp_line (start 12.1 3) (end 12.1 -3) (layer B.SilkS) (width 0.15))
    (pad S thru_hole oval (at 11.8 -2.1 270) (size 2.5 1) (drill oval 1.5 0.6) (layers *.Cu *.Mask)
      (net 1 GND))
    (pad T thru_hole oval (at 10.3 2.2 270) (size 2.5 1) (drill oval 1.5 0.6) (layers *.Cu *.Mask)
      (net 5 +5V))
    (pad R1 thru_hole oval (at 6.3 2.2 270) (size 2.5 1) (drill oval 1.5 0.6) (layers *.Cu *.Mask)
      (net 35 /Rx))
    (pad R2 thru_hole oval (at 3.3 2.2 270) (size 2.7 1) (drill oval 1.5 0.6) (layers *.Cu *.Mask)
      (net 36 /Tx))
    (pad "" thru_hole circle (at 1.5 0 270) (size 1.2 1.2) (drill 1.2) (layers *.Cu *.Mask))
    (pad "" thru_hole circle (at 8.5 0 270) (size 1.2 1.2) (drill 1.2) (layers *.Cu *.Mask))
  )

  (module Capacitor_SMD:C_0603_1608Metric_Pad1.05x0.95mm_HandSolder (layer B.Cu) (tedit 5B301BBE) (tstamp 5EAABBA8)
    (at 91.2 63.775 90)
    (descr "Capacitor SMD 0603 (1608 Metric), square (rectangular) end terminal, IPC_7351 nominal with elongated pad for handsoldering. (Body size source: http://www.tortai-tech.com/upload/download/2011102023233369053.pdf), generated with kicad-footprint-generator")
    (tags "capacitor handsolder")
    (path /5ED46F09)
    (attr smd)
    (fp_text reference C8 (at 0 1.43 90) (layer B.SilkS)
      (effects (font (size 1 1) (thickness 0.15)) (justify mirror))
    )
    (fp_text value 22p (at 0 -1.43 90) (layer B.Fab)
      (effects (font (size 1 1) (thickness 0.15)) (justify mirror))
    )
    (fp_text user %R (at 0 0 90) (layer B.Fab)
      (effects (font (size 0.4 0.4) (thickness 0.06)) (justify mirror))
    )
    (fp_line (start 1.65 -0.73) (end -1.65 -0.73) (layer B.CrtYd) (width 0.05))
    (fp_line (start 1.65 0.73) (end 1.65 -0.73) (layer B.CrtYd) (width 0.05))
    (fp_line (start -1.65 0.73) (end 1.65 0.73) (layer B.CrtYd) (width 0.05))
    (fp_line (start -1.65 -0.73) (end -1.65 0.73) (layer B.CrtYd) (width 0.05))
    (fp_line (start -0.171267 -0.51) (end 0.171267 -0.51) (layer B.SilkS) (width 0.12))
    (fp_line (start -0.171267 0.51) (end 0.171267 0.51) (layer B.SilkS) (width 0.12))
    (fp_line (start 0.8 -0.4) (end -0.8 -0.4) (layer B.Fab) (width 0.1))
    (fp_line (start 0.8 0.4) (end 0.8 -0.4) (layer B.Fab) (width 0.1))
    (fp_line (start -0.8 0.4) (end 0.8 0.4) (layer B.Fab) (width 0.1))
    (fp_line (start -0.8 -0.4) (end -0.8 0.4) (layer B.Fab) (width 0.1))
    (pad 2 smd roundrect (at 0.875 0 90) (size 1.05 0.95) (layers B.Cu B.Paste B.Mask) (roundrect_rratio 0.25)
      (net 1 GND))
    (pad 1 smd roundrect (at -0.875 0 90) (size 1.05 0.95) (layers B.Cu B.Paste B.Mask) (roundrect_rratio 0.25)
      (net 2 "Net-(C8-Pad1)"))
    (model ${KISYS3DMOD}/Capacitor_SMD.3dshapes/C_0603_1608Metric.wrl
      (at (xyz 0 0 0))
      (scale (xyz 1 1 1))
      (rotate (xyz 0 0 0))
    )
  )

  (module Capacitor_SMD:C_0603_1608Metric_Pad1.05x0.95mm_HandSolder (layer B.Cu) (tedit 5B301BBE) (tstamp 5EAABBB8)
    (at 91.2 60.6 270)
    (descr "Capacitor SMD 0603 (1608 Metric), square (rectangular) end terminal, IPC_7351 nominal with elongated pad for handsoldering. (Body size source: http://www.tortai-tech.com/upload/download/2011102023233369053.pdf), generated with kicad-footprint-generator")
    (tags "capacitor handsolder")
    (path /5ED3E661)
    (attr smd)
    (fp_text reference C9 (at -0.1 -1.3 90) (layer B.SilkS)
      (effects (font (size 1 1) (thickness 0.15)) (justify mirror))
    )
    (fp_text value 22p (at 0 -1.43 270) (layer B.Fab)
      (effects (font (size 1 1) (thickness 0.15)) (justify mirror))
    )
    (fp_line (start -0.8 -0.4) (end -0.8 0.4) (layer B.Fab) (width 0.1))
    (fp_line (start -0.8 0.4) (end 0.8 0.4) (layer B.Fab) (width 0.1))
    (fp_line (start 0.8 0.4) (end 0.8 -0.4) (layer B.Fab) (width 0.1))
    (fp_line (start 0.8 -0.4) (end -0.8 -0.4) (layer B.Fab) (width 0.1))
    (fp_line (start -0.171267 0.51) (end 0.171267 0.51) (layer B.SilkS) (width 0.12))
    (fp_line (start -0.171267 -0.51) (end 0.171267 -0.51) (layer B.SilkS) (width 0.12))
    (fp_line (start -1.65 -0.73) (end -1.65 0.73) (layer B.CrtYd) (width 0.05))
    (fp_line (start -1.65 0.73) (end 1.65 0.73) (layer B.CrtYd) (width 0.05))
    (fp_line (start 1.65 0.73) (end 1.65 -0.73) (layer B.CrtYd) (width 0.05))
    (fp_line (start 1.65 -0.73) (end -1.65 -0.73) (layer B.CrtYd) (width 0.05))
    (fp_text user %R (at 0 0 270) (layer B.Fab)
      (effects (font (size 0.4 0.4) (thickness 0.06)) (justify mirror))
    )
    (pad 1 smd roundrect (at -0.875 0 270) (size 1.05 0.95) (layers B.Cu B.Paste B.Mask) (roundrect_rratio 0.25)
      (net 3 "Net-(C9-Pad1)"))
    (pad 2 smd roundrect (at 0.875 0 270) (size 1.05 0.95) (layers B.Cu B.Paste B.Mask) (roundrect_rratio 0.25)
      (net 1 GND))
    (model ${KISYS3DMOD}/Capacitor_SMD.3dshapes/C_0603_1608Metric.wrl
      (at (xyz 0 0 0))
      (scale (xyz 1 1 1))
      (rotate (xyz 0 0 0))
    )
  )

  (module Capacitor_SMD:C_0603_1608Metric_Pad1.05x0.95mm_HandSolder (layer B.Cu) (tedit 5B301BBE) (tstamp 5EAABBC8)
    (at 68.775 58.5 180)
    (descr "Capacitor SMD 0603 (1608 Metric), square (rectangular) end terminal, IPC_7351 nominal with elongated pad for handsoldering. (Body size source: http://www.tortai-tech.com/upload/download/2011102023233369053.pdf), generated with kicad-footprint-generator")
    (tags "capacitor handsolder")
    (path /5ED6F64F)
    (attr smd)
    (fp_text reference C10 (at -0.025 -1.4 180) (layer B.SilkS)
      (effects (font (size 1 1) (thickness 0.15)) (justify mirror))
    )
    (fp_text value 100n (at 0 -1.43 180) (layer B.Fab)
      (effects (font (size 1 1) (thickness 0.15)) (justify mirror))
    )
    (fp_line (start -0.8 -0.4) (end -0.8 0.4) (layer B.Fab) (width 0.1))
    (fp_line (start -0.8 0.4) (end 0.8 0.4) (layer B.Fab) (width 0.1))
    (fp_line (start 0.8 0.4) (end 0.8 -0.4) (layer B.Fab) (width 0.1))
    (fp_line (start 0.8 -0.4) (end -0.8 -0.4) (layer B.Fab) (width 0.1))
    (fp_line (start -0.171267 0.51) (end 0.171267 0.51) (layer B.SilkS) (width 0.12))
    (fp_line (start -0.171267 -0.51) (end 0.171267 -0.51) (layer B.SilkS) (width 0.12))
    (fp_line (start -1.65 -0.73) (end -1.65 0.73) (layer B.CrtYd) (width 0.05))
    (fp_line (start -1.65 0.73) (end 1.65 0.73) (layer B.CrtYd) (width 0.05))
    (fp_line (start 1.65 0.73) (end 1.65 -0.73) (layer B.CrtYd) (width 0.05))
    (fp_line (start 1.65 -0.73) (end -1.65 -0.73) (layer B.CrtYd) (width 0.05))
    (fp_text user %R (at 0 0 180) (layer B.Fab)
      (effects (font (size 0.4 0.4) (thickness 0.06)) (justify mirror))
    )
    (pad 1 smd roundrect (at -0.875 0 180) (size 1.05 0.95) (layers B.Cu B.Paste B.Mask) (roundrect_rratio 0.25)
      (net 4 "Net-(C10-Pad1)"))
    (pad 2 smd roundrect (at 0.875 0 180) (size 1.05 0.95) (layers B.Cu B.Paste B.Mask) (roundrect_rratio 0.25)
      (net 1 GND))
    (model ${KISYS3DMOD}/Capacitor_SMD.3dshapes/C_0603_1608Metric.wrl
      (at (xyz 0 0 0))
      (scale (xyz 1 1 1))
      (rotate (xyz 0 0 0))
    )
  )

  (module Capacitor_SMD:C_0603_1608Metric_Pad1.05x0.95mm_HandSolder (layer B.Cu) (tedit 5B301BBE) (tstamp 5EAABBD8)
    (at 78.4 52.3 90)
    (descr "Capacitor SMD 0603 (1608 Metric), square (rectangular) end terminal, IPC_7351 nominal with elongated pad for handsoldering. (Body size source: http://www.tortai-tech.com/upload/download/2011102023233369053.pdf), generated with kicad-footprint-generator")
    (tags "capacitor handsolder")
    (path /5EE3B747)
    (attr smd)
    (fp_text reference C11 (at 0 2.9 90) (layer B.SilkS)
      (effects (font (size 1 1) (thickness 0.15)) (justify mirror))
    )
    (fp_text value 0.1u (at 0 -1.43 90) (layer B.Fab)
      (effects (font (size 1 1) (thickness 0.15)) (justify mirror))
    )
    (fp_text user %R (at 0 0 90) (layer B.Fab)
      (effects (font (size 0.4 0.4) (thickness 0.06)) (justify mirror))
    )
    (fp_line (start 1.65 -0.73) (end -1.65 -0.73) (layer B.CrtYd) (width 0.05))
    (fp_line (start 1.65 0.73) (end 1.65 -0.73) (layer B.CrtYd) (width 0.05))
    (fp_line (start -1.65 0.73) (end 1.65 0.73) (layer B.CrtYd) (width 0.05))
    (fp_line (start -1.65 -0.73) (end -1.65 0.73) (layer B.CrtYd) (width 0.05))
    (fp_line (start -0.171267 -0.51) (end 0.171267 -0.51) (layer B.SilkS) (width 0.12))
    (fp_line (start -0.171267 0.51) (end 0.171267 0.51) (layer B.SilkS) (width 0.12))
    (fp_line (start 0.8 -0.4) (end -0.8 -0.4) (layer B.Fab) (width 0.1))
    (fp_line (start 0.8 0.4) (end 0.8 -0.4) (layer B.Fab) (width 0.1))
    (fp_line (start -0.8 0.4) (end 0.8 0.4) (layer B.Fab) (width 0.1))
    (fp_line (start -0.8 -0.4) (end -0.8 0.4) (layer B.Fab) (width 0.1))
    (pad 2 smd roundrect (at 0.875 0 90) (size 1.05 0.95) (layers B.Cu B.Paste B.Mask) (roundrect_rratio 0.25)
      (net 1 GND))
    (pad 1 smd roundrect (at -0.875 0 90) (size 1.05 0.95) (layers B.Cu B.Paste B.Mask) (roundrect_rratio 0.25)
      (net 5 +5V))
    (model ${KISYS3DMOD}/Capacitor_SMD.3dshapes/C_0603_1608Metric.wrl
      (at (xyz 0 0 0))
      (scale (xyz 1 1 1))
      (rotate (xyz 0 0 0))
    )
  )

  (module Capacitor_SMD:C_0603_1608Metric_Pad1.05x0.95mm_HandSolder (layer B.Cu) (tedit 5B301BBE) (tstamp 5EAABBE8)
    (at 77 52.3 90)
    (descr "Capacitor SMD 0603 (1608 Metric), square (rectangular) end terminal, IPC_7351 nominal with elongated pad for handsoldering. (Body size source: http://www.tortai-tech.com/upload/download/2011102023233369053.pdf), generated with kicad-footprint-generator")
    (tags "capacitor handsolder")
    (path /5ED84DBB)
    (attr smd)
    (fp_text reference C12 (at 0 2.9 90) (layer B.SilkS)
      (effects (font (size 1 1) (thickness 0.15)) (justify mirror))
    )
    (fp_text value 1u (at 0 -1.43 90) (layer B.Fab)
      (effects (font (size 1 1) (thickness 0.15)) (justify mirror))
    )
    (fp_text user %R (at 0 0 90) (layer B.Fab)
      (effects (font (size 0.4 0.4) (thickness 0.06)) (justify mirror))
    )
    (fp_line (start 1.65 -0.73) (end -1.65 -0.73) (layer B.CrtYd) (width 0.05))
    (fp_line (start 1.65 0.73) (end 1.65 -0.73) (layer B.CrtYd) (width 0.05))
    (fp_line (start -1.65 0.73) (end 1.65 0.73) (layer B.CrtYd) (width 0.05))
    (fp_line (start -1.65 -0.73) (end -1.65 0.73) (layer B.CrtYd) (width 0.05))
    (fp_line (start -0.171267 -0.51) (end 0.171267 -0.51) (layer B.SilkS) (width 0.12))
    (fp_line (start -0.171267 0.51) (end 0.171267 0.51) (layer B.SilkS) (width 0.12))
    (fp_line (start 0.8 -0.4) (end -0.8 -0.4) (layer B.Fab) (width 0.1))
    (fp_line (start 0.8 0.4) (end 0.8 -0.4) (layer B.Fab) (width 0.1))
    (fp_line (start -0.8 0.4) (end 0.8 0.4) (layer B.Fab) (width 0.1))
    (fp_line (start -0.8 -0.4) (end -0.8 0.4) (layer B.Fab) (width 0.1))
    (pad 2 smd roundrect (at 0.875 0 90) (size 1.05 0.95) (layers B.Cu B.Paste B.Mask) (roundrect_rratio 0.25)
      (net 1 GND))
    (pad 1 smd roundrect (at -0.875 0 90) (size 1.05 0.95) (layers B.Cu B.Paste B.Mask) (roundrect_rratio 0.25)
      (net 6 "Net-(C12-Pad1)"))
    (model ${KISYS3DMOD}/Capacitor_SMD.3dshapes/C_0603_1608Metric.wrl
      (at (xyz 0 0 0))
      (scale (xyz 1 1 1))
      (rotate (xyz 0 0 0))
    )
  )

  (module Capacitor_SMD:C_0603_1608Metric_Pad1.05x0.95mm_HandSolder (layer B.Cu) (tedit 5B301BBE) (tstamp 5EAABBF8)
    (at 81.4 69.475 90)
    (descr "Capacitor SMD 0603 (1608 Metric), square (rectangular) end terminal, IPC_7351 nominal with elongated pad for handsoldering. (Body size source: http://www.tortai-tech.com/upload/download/2011102023233369053.pdf), generated with kicad-footprint-generator")
    (tags "capacitor handsolder")
    (path /5EDD2265)
    (attr smd)
    (fp_text reference C13 (at 0 1.43 90) (layer B.SilkS)
      (effects (font (size 1 1) (thickness 0.15)) (justify mirror))
    )
    (fp_text value 1u (at 0 -1.43 90) (layer B.Fab)
      (effects (font (size 1 1) (thickness 0.15)) (justify mirror))
    )
    (fp_text user %R (at 0 0 90) (layer B.Fab)
      (effects (font (size 0.4 0.4) (thickness 0.06)) (justify mirror))
    )
    (fp_line (start 1.65 -0.73) (end -1.65 -0.73) (layer B.CrtYd) (width 0.05))
    (fp_line (start 1.65 0.73) (end 1.65 -0.73) (layer B.CrtYd) (width 0.05))
    (fp_line (start -1.65 0.73) (end 1.65 0.73) (layer B.CrtYd) (width 0.05))
    (fp_line (start -1.65 -0.73) (end -1.65 0.73) (layer B.CrtYd) (width 0.05))
    (fp_line (start -0.171267 -0.51) (end 0.171267 -0.51) (layer B.SilkS) (width 0.12))
    (fp_line (start -0.171267 0.51) (end 0.171267 0.51) (layer B.SilkS) (width 0.12))
    (fp_line (start 0.8 -0.4) (end -0.8 -0.4) (layer B.Fab) (width 0.1))
    (fp_line (start 0.8 0.4) (end 0.8 -0.4) (layer B.Fab) (width 0.1))
    (fp_line (start -0.8 0.4) (end 0.8 0.4) (layer B.Fab) (width 0.1))
    (fp_line (start -0.8 -0.4) (end -0.8 0.4) (layer B.Fab) (width 0.1))
    (pad 2 smd roundrect (at 0.875 0 90) (size 1.05 0.95) (layers B.Cu B.Paste B.Mask) (roundrect_rratio 0.25)
      (net 5 +5V))
    (pad 1 smd roundrect (at -0.875 0 90) (size 1.05 0.95) (layers B.Cu B.Paste B.Mask) (roundrect_rratio 0.25)
      (net 1 GND))
    (model ${KISYS3DMOD}/Capacitor_SMD.3dshapes/C_0603_1608Metric.wrl
      (at (xyz 0 0 0))
      (scale (xyz 1 1 1))
      (rotate (xyz 0 0 0))
    )
  )

  (module Capacitor_SMD:C_0603_1608Metric_Pad1.05x0.95mm_HandSolder (layer B.Cu) (tedit 5B301BBE) (tstamp 5EAABC08)
    (at 80 69.475 90)
    (descr "Capacitor SMD 0603 (1608 Metric), square (rectangular) end terminal, IPC_7351 nominal with elongated pad for handsoldering. (Body size source: http://www.tortai-tech.com/upload/download/2011102023233369053.pdf), generated with kicad-footprint-generator")
    (tags "capacitor handsolder")
    (path /5EDAB6C8)
    (attr smd)
    (fp_text reference C14 (at -0.025 -1.4 90) (layer B.SilkS)
      (effects (font (size 1 1) (thickness 0.15)) (justify mirror))
    )
    (fp_text value 1u (at 0 -1.43 90) (layer B.Fab)
      (effects (font (size 1 1) (thickness 0.15)) (justify mirror))
    )
    (fp_line (start -0.8 -0.4) (end -0.8 0.4) (layer B.Fab) (width 0.1))
    (fp_line (start -0.8 0.4) (end 0.8 0.4) (layer B.Fab) (width 0.1))
    (fp_line (start 0.8 0.4) (end 0.8 -0.4) (layer B.Fab) (width 0.1))
    (fp_line (start 0.8 -0.4) (end -0.8 -0.4) (layer B.Fab) (width 0.1))
    (fp_line (start -0.171267 0.51) (end 0.171267 0.51) (layer B.SilkS) (width 0.12))
    (fp_line (start -0.171267 -0.51) (end 0.171267 -0.51) (layer B.SilkS) (width 0.12))
    (fp_line (start -1.65 -0.73) (end -1.65 0.73) (layer B.CrtYd) (width 0.05))
    (fp_line (start -1.65 0.73) (end 1.65 0.73) (layer B.CrtYd) (width 0.05))
    (fp_line (start 1.65 0.73) (end 1.65 -0.73) (layer B.CrtYd) (width 0.05))
    (fp_line (start 1.65 -0.73) (end -1.65 -0.73) (layer B.CrtYd) (width 0.05))
    (fp_text user %R (at 0 0 90) (layer B.Fab)
      (effects (font (size 0.4 0.4) (thickness 0.06)) (justify mirror))
    )
    (pad 1 smd roundrect (at -0.875 0 90) (size 1.05 0.95) (layers B.Cu B.Paste B.Mask) (roundrect_rratio 0.25)
      (net 1 GND))
    (pad 2 smd roundrect (at 0.875 0 90) (size 1.05 0.95) (layers B.Cu B.Paste B.Mask) (roundrect_rratio 0.25)
      (net 5 +5V))
    (model ${KISYS3DMOD}/Capacitor_SMD.3dshapes/C_0603_1608Metric.wrl
      (at (xyz 0 0 0))
      (scale (xyz 1 1 1))
      (rotate (xyz 0 0 0))
    )
  )

  (module Capacitor_SMD:C_0603_1608Metric_Pad1.05x0.95mm_HandSolder (layer B.Cu) (tedit 5B301BBE) (tstamp 5EAABC18)
    (at 54.95 57.5 270)
    (descr "Capacitor SMD 0603 (1608 Metric), square (rectangular) end terminal, IPC_7351 nominal with elongated pad for handsoldering. (Body size source: http://www.tortai-tech.com/upload/download/2011102023233369053.pdf), generated with kicad-footprint-generator")
    (tags "capacitor handsolder")
    (path /5EDF3D2C)
    (attr smd)
    (fp_text reference C15 (at 3.1 0.05 270) (layer B.SilkS)
      (effects (font (size 1 1) (thickness 0.15)) (justify mirror))
    )
    (fp_text value 0.1u (at 0 -1.43 270) (layer B.Fab)
      (effects (font (size 1 1) (thickness 0.15)) (justify mirror))
    )
    (fp_text user %R (at 0 0 270) (layer B.Fab)
      (effects (font (size 0.4 0.4) (thickness 0.06)) (justify mirror))
    )
    (fp_line (start 1.65 -0.73) (end -1.65 -0.73) (layer B.CrtYd) (width 0.05))
    (fp_line (start 1.65 0.73) (end 1.65 -0.73) (layer B.CrtYd) (width 0.05))
    (fp_line (start -1.65 0.73) (end 1.65 0.73) (layer B.CrtYd) (width 0.05))
    (fp_line (start -1.65 -0.73) (end -1.65 0.73) (layer B.CrtYd) (width 0.05))
    (fp_line (start -0.171267 -0.51) (end 0.171267 -0.51) (layer B.SilkS) (width 0.12))
    (fp_line (start -0.171267 0.51) (end 0.171267 0.51) (layer B.SilkS) (width 0.12))
    (fp_line (start 0.8 -0.4) (end -0.8 -0.4) (layer B.Fab) (width 0.1))
    (fp_line (start 0.8 0.4) (end 0.8 -0.4) (layer B.Fab) (width 0.1))
    (fp_line (start -0.8 0.4) (end 0.8 0.4) (layer B.Fab) (width 0.1))
    (fp_line (start -0.8 -0.4) (end -0.8 0.4) (layer B.Fab) (width 0.1))
    (pad 2 smd roundrect (at 0.875 0 270) (size 1.05 0.95) (layers B.Cu B.Paste B.Mask) (roundrect_rratio 0.25)
      (net 1 GND))
    (pad 1 smd roundrect (at -0.875 0 270) (size 1.05 0.95) (layers B.Cu B.Paste B.Mask) (roundrect_rratio 0.25)
      (net 5 +5V))
    (model ${KISYS3DMOD}/Capacitor_SMD.3dshapes/C_0603_1608Metric.wrl
      (at (xyz 0 0 0))
